573 642
573 643
572 644
557 644
556 645
554 645
553 646
552 646
551 647
549 647
548 648
547 648
546 649
545 649
543 651
542 651
541 652
540 652
539 653
538 653
537 654
536 654
535 655
528 655
527 654
525 654
524 655
522 655
520 657
519 657
518 658
517 658
516 659
515 659
514 660
513 660
512 661
511 661
510 662
509 662
508 663
501 663
500 662
473 662
472 663
467 663
466 664
464 664
462 666
461 666
460 667
458 667
457 668
456 668
455 669
454 669
453 670
452 670
450 672
449 672
448 673
447 673
446 674
445 674
443 676
442 676
441 677
440 677
439 678
438 678
434 682
433 682
431 684
430 684
429 685
428 685
425 688
424 688
418 694
417 694
415 696
415 697
412 700
412 701
405 708
405 709
400 714
400 715
392 723
392 724
389 727
389 728
387 730
387 731
383 735
383 736
382 737
382 738
378 742
378 743
377 744
377 745
376 746
376 747
374 749
374 750
373 751
373 753
370 756
370 757
369 758
369 760
368 761
368 762
366 764
366 765
364 767
364 768
363 769
363 770
361 772
361 774
359 776
359 777
357 779
357 783
354 786
351 786
350 787
349 787
348 788
347 788
346 789
345 789
335 799
335 800
328 807
328 808
326 810
326 811
325 812
325 813
324 814
324 815
323 816
323 817
322 818
322 820
321 821
321 824
320 825
320 826
319 827
319 829
318 830
318 831
317 832
317 833
313 837
312 836
311 836
308 833
305 833
298 826
297 826
295 824
294 824
293 823
293 822
291 820
290 820
285 815
284 815
283 814
282 814
278 810
277 810
276 809
275 809
274 808
273 808
268 803
267 803
265 801
264 801
263 800
262 800
258 796
257 796
256 795
254 795
253 794
251 794
249 792
248 792
247 791
241 791
237 787
236 787
235 786
232 786
231 785
223 785
222 786
217 786
216 787
215 787
214 788
212 788
211 789
207 789
206 790
203 790
202 791
200 791
198 793
197 793
196 794
194 794
193 795
191 795
190 796
189 796
184 801
184 802
182 804
182 805
181 806
181 807
180 808
180 810
179 811
179 816
178 817
178 823
179 824
179 829
178 830
178 831
177 832
177 835
176 836
176 845
177 846
177 853
178 854
178 858
179 859
179 865
180 866
180 870
181 871
181 875
182 876
182 882
183 883
183 886
184 887
184 891
185 892
185 896
186 897
186 898
187 899
187 901
188 902
188 903
189 904
189 905
188 906
187 905
186 905
184 903
183 903
176 896
176 895
172 891
168 891
167 892
166 892
165 893
164 893
163 894
162 894
161 895
159 895
158 896
156 896
155 897
151 897
150 898
146 898
145 899
143 899
142 900
140 900
139 901
138 901
137 902
136 902
135 903
134 903
131 906
130 906
129 907
129 908
126 911
126 912
123 915
122 914
121 914
121 915
120 916
121 915
122 916
122 917
121 918
121 919
120 920
120 921
119 922
119 923
118 924
118 925
117 926
117 927
116 928
116 930
115 931
115 932
114 933
114 935
113 936
113 938
112 939
112 941
111 942
111 944
110 945
110 950
109 951
109 956
108 957
108 962
107 963
107 983
108 984
108 990
109 991
109 996
110 997
110 1001
111 1002
111 1005
112 1006
112 1010
113 1011
113 1014
114 1015
114 1018
115 1019
115 1021
116 1022
116 1026
117 1027
117 1032
118 1033
118 1040
119 1041
119 1047
120 1048
120 1051
121 1052
121 1055
122 1056
122 1059
123 1060
123 1061
124 1062
124 1063
125 1064
125 1066
126 1067
126 1068
127 1069
127 1070
128 1071
128 1072
129 1073
129 1074
130 1075
130 1076
131 1077
131 1078
133 1080
133 1081
134 1082
134 1083
137 1086
137 1087
138 1088
138 1089
140 1091
140 1092
142 1094
142 1095
143 1096
143 1097
145 1099
145 1100
146 1101
146 1102
148 1104
148 1105
149 1106
149 1107
150 1108
150 1109
152 1111
152 1112
153 1113
153 1114
154 1115
154 1116
155 1117
155 1118
156 1119
156 1120
157 1121
157 1122
159 1124
159 1125
160 1126
160 1127
161 1128
161 1129
162 1130
162 1131
163 1132
163 1133
164 1134
164 1136
165 1137
165 1138
166 1139
166 1140
167 1141
167 1142
168 1143
168 1144
169 1145
169 1146
170 1147
170 1149
171 1150
171 1151
172 1152
172 1153
173 1154
173 1155
174 1156
174 1158
175 1159
175 1160
176 1161
176 1163
177 1164
177 1165
178 1166
178 1168
179 1169
179 1171
180 1172
180 1173
181 1174
181 1175
182 1176
182 1178
183 1179
183 1180
184 1181
184 1183
185 1184
185 1185
186 1186
186 1188
187 1189
187 1191
188 1192
188 1193
189 1194
189 1195
190 1196
190 1197
191 1198
191 1200
192 1201
192 1202
193 1203
193 1204
194 1205
194 1206
195 1207
195 1208
196 1209
196 1210
197 1211
197 1212
198 1213
198 1214
199 1215
199 1216
200 1217
200 1218
201 1219
201 1220
202 1221
202 1222
204 1224
204 1225
205 1226
205 1227
206 1228
206 1229
208 1231
208 1232
209 1233
209 1234
211 1236
211 1237
213 1239
213 1240
214 1241
214 1242
216 1244
216 1245
218 1247
218 1248
219 1249
219 1250
221 1252
221 1253
222 1254
222 1255
224 1257
224 1258
226 1260
226 1261
228 1263
228 1264
229 1265
229 1266
231 1268
231 1269
232 1270
232 1271
234 1273
234 1274
235 1275
235 1276
237 1278
237 1279
238 1280
238 1281
239 1282
239 1283
242 1286
242 1287
244 1289
244 1290
246 1292
246 1293
247 1294
247 1295
249 1297
249 1298
251 1300
251 1301
253 1303
253 1304
254 1305
254 1306
256 1308
256 1309
259 1312
259 1313
260 1314
260 1315
262 1317
262 1318
264 1320
264 1321
265 1322
265 1323
267 1325
267 1326
269 1328
269 1329
270 1330
270 1331
272 1333
272 1334
274 1336
274 1337
275 1338
275 1339
277 1341
277 1342
279 1344
279 1345
280 1346
280 1347
282 1349
282 1350
283 1351
283 1352
285 1354
285 1355
287 1357
287 1358
289 1360
289 1361
291 1363
291 1364
292 1365
292 1366
294 1368
294 1369
295 1370
295 1371
298 1374
298 1375
300 1377
300 1378
302 1380
302 1381
303 1382
303 1383
306 1386
306 1387
307 1388
307 1389
309 1391
309 1392
311 1394
311 1395
313 1397
313 1398
315 1400
315 1401
318 1404
318 1405
320 1407
320 1408
322 1410
322 1411
325 1414
325 1415
328 1418
328 1419
333 1424
333 1425
337 1429
337 1430
343 1436
343 1437
350 1444
350 1445
366 1461
366 1462
367 1463
368 1463
370 1465
370 1466
371 1467
372 1467
374 1469
374 1470
375 1471
376 1471
378 1473
378 1474
379 1475
380 1475
391 1486
392 1486
399 1493
400 1493
404 1497
405 1497
408 1500
409 1500
412 1503
413 1503
415 1505
416 1505
418 1507
419 1507
422 1510
423 1510
425 1512
426 1512
428 1514
429 1514
431 1516
432 1516
434 1518
435 1518
436 1519
437 1519
438 1520
439 1520
441 1522
442 1522
443 1523
444 1523
445 1524
447 1524
449 1526
450 1526
451 1527
452 1527
454 1529
456 1529
458 1531
460 1531
461 1532
462 1532
463 1533
464 1533
465 1534
467 1534
468 1535
469 1535
470 1536
472 1536
473 1537
474 1537
475 1538
477 1538
478 1539
479 1539
480 1540
482 1540
483 1541
485 1541
486 1542
488 1542
489 1543
492 1543
493 1544
495 1544
496 1545
499 1545
500 1546
502 1546
503 1547
505 1547
506 1548
509 1548
510 1549
514 1549
515 1550
521 1550
522 1551
528 1551
529 1552
535 1552
536 1553
544 1553
545 1554
581 1554
582 1553
583 1554
585 1554
586 1553
600 1553
601 1552
622 1552
623 1551
624 1551
625 1552
629 1552
630 1551
631 1551
632 1552
634 1552
635 1551
639 1551
641 1553
641 1554
642 1555
642 1557
643 1558
643 1559
644 1560
644 1561
645 1562
645 1563
646 1564
646 1566
647 1567
647 1569
648 1570
648 1571
649 1572
649 1574
650 1575
650 1577
651 1578
651 1580
652 1581
652 1584
653 1585
653 1588
654 1589
654 1593
655 1594
655 1604
656 1605
656 1610
655 1611
654 1611
651 1614
650 1614
647 1617
646 1617
644 1619
643 1619
639 1623
638 1623
634 1627
633 1627
628 1632
627 1632
623 1636
622 1636
612 1646
611 1646
593 1664
593 1665
591 1667
590 1667
590 1668
578 1680
578 1681
569 1690
569 1691
560 1700
560 1701
553 1708
553 1709
547 1715
547 1716
543 1720
543 1721
539 1725
539 1726
535 1730
535 1731
531 1735
531 1736
528 1739
528 1740
525 1743
525 1744
522 1747
522 1748
519 1751
519 1752
517 1754
517 1755
515 1757
515 1758
512 1761
512 1762
510 1764
510 1765
508 1767
508 1768
506 1770
506 1771
504 1773
504 1774
502 1776
502 1777
500 1779
500 1780
498 1782
498 1783
497 1784
497 1785
495 1787
495 1788
493 1790
493 1791
492 1792
492 1793
490 1795
490 1796
488 1798
488 1799
487 1800
487 1801
485 1803
485 1804
484 1805
484 1806
483 1807
483 1808
481 1810
481 1811
480 1812
480 1813
479 1814
479 1815
478 1816
478 1817
476 1819
476 1820
475 1821
475 1822
474 1823
474 1824
473 1825
473 1826
471 1828
471 1829
470 1830
470 1832
468 1834
468 1836
466 1838
466 1840
465 1841
465 1842
464 1843
464 1844
463 1845
463 1846
462 1847
462 1848
461 1849
461 1850
460 1851
460 1853
459 1854
459 1855
458 1856
458 1857
457 1858
457 1860
456 1861
456 1862
455 1863
455 1864
454 1865
454 1866
453 1867
453 1869
452 1870
452 1871
451 1872
451 1874
450 1875
450 1876
449 1877
449 1879
448 1880
448 1881
447 1882
447 1884
446 1885
446 1886
445 1887
445 1889
444 1890
444 1891
443 1892
443 1894
442 1895
442 1896
441 1897
441 1899
440 1900
440 1901
439 1902
439 1904
438 1905
438 1907
437 1908
437 1909
436 1910
436 1912
435 1913
435 1915
434 1916
434 1917
433 1918
433 1920
432 1921
432 1923
431 1924
431 1926
430 1927
430 1929
429 1930
429 1931
428 1932
428 1934
427 1935
427 1937
426 1938
426 1940
425 1941
425 1943
424 1944
424 1946
423 1947
423 1949
422 1950
422 1952
421 1953
421 1955
420 1956
420 1958
419 1959
419 1961
418 1962
418 1964
417 1965
417 1968
416 1969
416 1971
415 1972
415 1974
414 1975
414 1978
413 1979
413 1982
412 1983
412 1986
411 1987
411 1989
410 1990
410 1993
409 1994
409 1998
408 1999
408 2003
407 2004
407 2007
406 2008
406 2013
405 2014
405 2018
404 2019
404 2024
403 2025
403 2030
402 2031
402 2037
401 2038
401 2044
400 2045
400 2054
399 2055
399 2062
398 2063
398 2075
397 2076
397 2086
396 2087
396 2095
395 2096
395 2104
394 2105
394 2120
393 2121
393 2168
392 2169
392 2189
391 2190
391 2263
392 2264
392 2287
393 2288
393 2304
394 2305
394 2321
395 2322
395 2338
396 2339
396 2351
397 2352
397 2364
398 2365
398 2374
399 2375
399 2382
400 2383
400 2388
401 2389
401 2395
402 2396
402 2399
656 2399
656 2396
657 2395
657 2393
658 2392
658 2390
659 2389
659 2386
660 2385
660 2383
661 2382
661 2380
662 2379
662 2376
663 2375
663 2373
664 2372
664 2371
665 2370
665 2367
666 2366
666 2364
667 2363
667 2361
668 2360
668 2358
669 2357
669 2354
670 2353
670 2351
671 2350
671 2348
672 2347
672 2345
673 2344
673 2341
674 2340
674 2338
675 2337
675 2335
676 2334
676 2332
677 2331
677 2328
678 2327
678 2325
679 2324
679 2322
680 2321
680 2319
681 2318
681 2315
682 2314
682 2312
683 2311
683 2309
684 2308
684 2305
685 2304
685 2301
686 2300
686 2298
687 2297
687 2295
688 2294
688 2291
689 2290
689 2286
690 2285
690 2283
691 2282
691 2280
692 2279
692 2276
693 2275
693 2272
694 2271
694 2269
695 2268
695 2265
696 2264
696 2262
697 2261
697 2258
698 2257
698 2254
699 2253
699 2251
700 2250
700 2247
701 2246
701 2242
702 2241
702 2239
703 2238
703 2236
704 2235
704 2232
705 2231
705 2227
706 2226
706 2223
707 2222
707 2220
708 2219
708 2217
709 2216
709 2211
710 2210
710 2207
711 2206
711 2204
712 2203
712 2200
713 2199
713 2195
714 2194
714 2191
715 2190
715 2187
716 2186
716 2183
717 2182
717 2178
718 2177
718 2173
719 2172
719 2169
720 2168
720 2165
721 2164
721 2160
722 2159
722 2155
723 2154
723 2150
724 2149
724 2145
725 2144
725 2140
726 2139
726 2134
727 2133
727 2130
728 2129
728 2124
729 2123
729 2118
730 2117
730 2113
731 2112
731 2107
732 2106
732 2100
733 2099
733 2095
734 2094
734 2089
735 2088
735 2083
736 2082
736 2076
737 2075
737 2069
738 2068
738 2062
739 2061
739 2056
740 2055
740 2046
741 2045
741 2036
742 2035
742 2028
743 2027
743 2019
744 2018
744 2009
745 2008
745 1999
746 1998
746 1986
747 1985
747 1972
748 1971
748 1954
749 1953
749 1845
748 1844
748 1817
747 1816
747 1799
746 1798
746 1781
745 1780
745 1764
744 1763
744 1750
743 1749
743 1738
742 1737
742 1736
743 1735
743 1734
745 1732
745 1731
746 1730
746 1729
748 1727
748 1726
749 1725
749 1724
751 1722
751 1721
753 1719
753 1718
754 1717
754 1716
757 1713
757 1712
759 1710
759 1709
761 1707
761 1706
762 1705
762 1704
765 1701
765 1700
766 1699
766 1698
769 1695
769 1694
771 1692
771 1691
774 1688
774 1687
776 1685
776 1684
779 1681
779 1680
782 1677
782 1676
785 1673
785 1672
788 1669
788 1668
793 1663
793 1662
797 1658
797 1657
802 1652
802 1651
809 1644
809 1643
816 1636
816 1635
825 1626
825 1625
841 1609
841 1608
843 1606
844 1606
844 1605
888 1561
888 1560
889 1559
890 1559
896 1553
896 1552
897 1551
898 1551
905 1544
905 1543
906 1542
907 1542
912 1537
912 1536
922 1526
922 1525
929 1518
929 1517
933 1513
933 1512
939 1506
939 1505
941 1503
941 1502
944 1499
944 1498
945 1497
945 1496
948 1493
948 1492
951 1489
951 1488
953 1486
953 1485
954 1484
954 1483
955 1482
955 1481
956 1480
956 1479
957 1478
957 1476
958 1475
958 1472
959 1471
959 1462
958 1461
958 1460
957 1459
956 1459
955 1458
954 1458
953 1457
951 1457
950 1456
947 1456
946 1457
945 1457
943 1459
942 1459
939 1462
938 1462
934 1466
933 1466
932 1467
931 1467
928 1470
927 1470
925 1472
924 1472
921 1475
920 1475
919 1476
918 1476
915 1479
914 1479
913 1480
912 1480
909 1483
908 1483
907 1484
906 1484
904 1486
903 1486
901 1488
900 1488
899 1489
898 1489
896 1491
895 1491
893 1493
892 1493
891 1494
890 1494
888 1496
887 1496
886 1497
885 1497
884 1498
883 1498
881 1500
880 1500
879 1501
878 1501
877 1502
876 1502
874 1504
873 1504
872 1505
871 1505
870 1506
869 1506
868 1507
867 1507
865 1509
864 1509
863 1510
862 1510
861 1511
860 1511
859 1512
858 1512
856 1514
855 1514
854 1515
853 1515
852 1516
851 1516
849 1518
848 1518
847 1519
846 1519
845 1520
844 1520
842 1522
841 1522
840 1523
839 1523
838 1524
837 1524
835 1526
834 1526
832 1528
831 1528
830 1529
829 1529
827 1531
826 1531
825 1532
824 1532
822 1534
821 1534
820 1535
819 1535
817 1537
816 1537
815 1538
814 1538
812 1540
811 1540
810 1541
809 1541
807 1543
806 1543
804 1545
803 1545
802 1546
801 1546
800 1547
799 1547
798 1548
797 1548
795 1550
794 1550
793 1551
792 1551
791 1552
790 1552
788 1554
786 1554
785 1555
784 1555
782 1557
781 1557
780 1558
779 1558
778 1559
777 1559
776 1560
775 1560
774 1561
773 1561
772 1562
771 1562
770 1563
769 1563
768 1564
767 1564
766 1565
765 1565
764 1566
763 1566
762 1567
761 1567
760 1568
758 1568
756 1570
755 1570
754 1571
752 1571
751 1572
750 1572
749 1573
748 1573
747 1574
746 1574
745 1575
744 1575
743 1576
741 1576
740 1577
739 1577
738 1578
737 1578
736 1579
735 1579
734 1580
732 1580
731 1581
730 1581
729 1582
728 1582
727 1581
727 1579
726 1578
726 1534
727 1533
728 1533
732 1529
732 1528
737 1523
738 1523
740 1521
741 1521
743 1519
744 1519
745 1518
746 1518
748 1516
749 1516
751 1514
752 1514
754 1512
755 1512
756 1511
757 1511
759 1509
760 1509
762 1507
763 1507
764 1506
765 1506
768 1503
769 1503
771 1501
772 1501
775 1498
776 1498
778 1496
779 1496
781 1494
782 1494
785 1491
786 1491
788 1489
789 1489
792 1486
793 1486
798 1481
799 1481
802 1478
803 1478
807 1474
808 1474
812 1470
813 1470
819 1464
820 1464
829 1455
830 1455
832 1453
832 1452
833 1451
834 1451
836 1449
836 1448
837 1447
838 1447
840 1445
840 1444
846 1438
846 1437
852 1431
852 1430
854 1428
854 1427
858 1423
858 1422
860 1420
860 1419
862 1417
862 1416
864 1414
864 1413
867 1410
867 1409
869 1407
869 1406
870 1405
870 1404
873 1401
873 1400
875 1398
875 1397
877 1395
877 1394
879 1392
879 1391
881 1389
881 1388
883 1386
883 1385
884 1384
884 1383
886 1381
886 1380
887 1379
887 1378
888 1377
888 1376
890 1374
890 1373
891 1372
891 1371
892 1370
892 1369
893 1368
893 1367
894 1366
894 1365
895 1364
895 1363
896 1362
896 1361
897 1360
898 1361
898 1362
899 1361
899 1360
900 1359
900 1358
902 1356
902 1355
903 1354
903 1353
904 1352
904 1351
905 1350
905 1349
907 1347
907 1345
908 1344
908 1343
909 1342
909 1340
910 1339
910 1338
911 1337
911 1336
912 1335
912 1334
911 1335
910 1334
910 1333
911 1332
911 1331
912 1330
913 1331
913 1332
914 1331
914 1330
913 1331
912 1330
912 1329
913 1328
913 1327
914 1326
914 1325
915 1324
915 1323
916 1322
916 1321
917 1320
917 1319
918 1318
918 1317
919 1316
919 1315
920 1314
920 1313
921 1312
921 1311
922 1310
922 1309
923 1308
923 1307
924 1306
924 1305
925 1304
925 1303
926 1302
926 1301
927 1300
927 1298
928 1297
928 1296
929 1295
929 1293
930 1292
930 1291
931 1290
931 1289
932 1288
932 1287
933 1286
933 1284
934 1283
934 1281
935 1280
935 1279
936 1278
936 1277
937 1276
938 1277
938 1279
937 1280
937 1281
937 1280
938 1279
938 1277
937 1276
937 1275
938 1274
938 1272
939 1271
939 1268
940 1267
940 1266
941 1265
941 1263
942 1262
942 1259
943 1258
943 1257
944 1256
944 1254
945 1253
945 1251
946 1250
946 1246
947 1245
947 1243
948 1242
948 1239
949 1238
949 1235
950 1234
950 1231
951 1230
951 1228
952 1227
952 1222
953 1221
953 1217
954 1216
954 1211
955 1210
955 1204
956 1203
956 1199
957 1198
957 1186
958 1185
958 1174
959 1173
959 1168
960 1167
960 1160
959 1159
959 1150
960 1149
961 1149
962 1150
961 1151
961 1158
962 1158
962 1143
963 1142
963 1141
962 1140
962 1132
962 1147
961 1148
960 1147
960 1122
959 1121
959 1120
960 1119
960 1118
959 1117
960 1116
960 1101
961 1100
961 1092
962 1091
962 1084
963 1083
963 1077
964 1076
964 1070
965 1069
965 1064
964 1063
964 1061
963 1060
963 1058
962 1057
962 1056
963 1055
965 1057
965 1059
966 1059
966 1058
967 1057
967 1055
968 1054
968 1053
969 1052
969 1051
970 1050
970 1046
972 1044
972 1042
973 1041
973 1037
972 1036
972 1035
975 1032
975 1029
970 1024
970 1023
969 1022
969 1021
968 1020
968 1019
967 1018
967 1016
965 1014
965 1012
964 1011
964 1010
963 1009
963 1008
964 1007
964 1001
965 1000
965 999
967 997
967 995
966 994
966 992
967 991
967 990
966 989
966 986
965 985
965 983
964 982
964 979
965 978
965 977
967 975
967 972
968 971
968 970
967 970
966 969
967 968
967 967
966 966
966 960
965 959
965 956
966 955
966 953
965 952
966 951
966 949
965 948
965 939
966 938
966 932
967 931
967 928
968 927
969 927
969 923
967 921
967 918
966 917
966 915
967 914
968 915
968 916
968 907
967 906
967 903
966 903
966 906
965 907
964 906
964 902
963 901
963 898
962 897
962 895
961 894
961 893
960 892
960 891
961 890
962 891
962 890
960 888
960 887
958 885
958 883
957 883
955 881
955 880
954 879
954 878
953 878
954 879
954 880
953 881
950 878
950 877
947 874
947 873
948 872
951 875
950 874
950 873
947 870
947 869
946 868
946 869
945 870
944 869
944 868
941 865
941 863
939 861
939 860
938 859
938 858
937 857
937 856
936 855
936 854
934 852
934 851
933 850
933 849
932 848
932 847
931 846
931 845
930 844
930 842
928 840
928 839
927 838
927 837
926 836
926 835
925 834
925 832
924 831
924 830
923 829
923 828
922 827
922 826
921 825
921 824
920 823
920 822
918 820
918 819
917 818
917 817
915 815
915 814
914 813
914 812
913 811
913 810
911 808
911 807
912 806
913 807
913 804
912 803
911 803
910 802
910 801
905 796
904 797
901 794
901 793
899 791
899 789
898 788
898 745
897 744
897 727
896 726
896 719
895 718
895 715
894 714
894 711
893 710
893 708
892 707
892 705
891 704
891 702
890 701
890 699
889 698
889 697
888 696
888 695
887 694
887 693
886 692
886 691
884 689
884 688
880 684
880 683
875 678
875 677
873 675
872 675
871 674
870 674
868 672
867 672
866 671
865 671
864 670
859 670
858 669
852 669
850 671
849 671
848 672
847 672
844 675
843 675
838 680
838 681
837 682
837 683
836 684
836 685
835 686
835 688
834 689
834 690
833 691
833 693
831 695
831 697
829 699
829 700
828 701
828 703
827 704
827 705
826 706
826 707
824 709
824 710
823 711
823 712
822 713
822 716
821 717
821 719
820 720
820 721
818 723
818 724
817 725
817 726
816 727
816 728
815 729
815 731
814 732
814 735
813 736
813 738
812 739
812 740
811 741
811 744
810 745
810 747
809 748
809 751
808 752
808 754
807 755
807 758
806 759
805 759
804 758
792 758
791 759
789 757
789 756
786 753
786 752
784 750
784 749
775 740
775 739
771 735
770 735
768 733
767 733
765 731
764 731
751 718
750 718
749 717
748 717
745 714
743 714
742 713
741 713
740 712
739 712
738 711
737 711
736 710
734 710
733 709
731 709
730 708
729 708
728 707
727 707
725 705
724 705
723 704
721 704
720 703
718 703
717 702
708 702
707 703
705 703
704 704
701 704
700 705
698 705
697 706
692 706
690 704
690 702
691 701
691 700
692 699
692 695
691 694
691 693
690 692
690 691
687 688
686 688
685 687
683 687
682 686
681 686
680 685
679 685
678 684
677 684
676 683
675 683
674 682
673 682
671 680
670 680
668 678
667 678
665 676
664 676
663 675
662 675
660 673
659 673
657 671
656 671
655 670
654 670
652 668
651 668
649 666
648 666
645 663
644 663
643 662
642 662
641 661
640 661
639 660
638 660
637 659
636 659
635 658
634 658
633 657
632 657
631 656
629 656
628 655
627 655
626 654
624 654
623 653
622 653
621 652
619 652
618 651
617 651
616 650
612 650
611 649
609 649
608 648
606 648
605 647
601 647
600 646
597 646
596 645
593 645
592 644
588 644
587 643
587 642

