490 631
488 633
487 633
485 635
484 635
482 637
481 637
479 639
478 639
476 641
475 641
469 647
469 648
460 657
457 657
451 663
450 662
442 670
442 671
438 675
437 675
427 685
427 686
426 687
426 688
423 691
423 693
422 694
422 695
421 696
421 697
420 698
420 699
419 700
419 701
418 702
418 703
417 704
417 706
416 707
416 711
415 712
415 715
414 716
414 718
413 719
413 725
411 727
410 727
409 726
408 726
407 727
405 727
402 724
402 723
401 722
401 719
400 718
399 718
398 717
398 715
395 712
395 711
393 709
393 708
392 707
392 706
390 704
390 703
385 698
384 698
381 695
381 694
380 694
374 688
373 688
368 683
367 683
365 681
364 681
361 678
360 678
359 677
358 677
357 676
356 676
354 674
352 674
351 673
349 673
348 672
346 672
345 671
343 671
342 670
341 670
339 668
338 668
337 667
336 667
335 666
331 666
330 665
326 665
325 666
320 666
319 667
314 667
313 666
308 666
309 666
310 667
309 668
306 668
305 669
304 669
303 670
302 670
298 674
298 675
297 676
297 677
293 681
293 682
292 683
292 684
291 685
291 686
290 687
290 688
289 689
289 692
288 693
288 695
287 696
287 699
285 701
285 703
284 704
284 706
283 707
283 708
282 709
282 712
281 713
281 715
280 716
280 717
279 718
279 721
278 722
278 725
277 726
277 734
276 735
275 735
274 734
261 734
260 735
259 735
258 736
256 736
255 737
254 737
253 738
252 738
251 739
249 739
247 741
246 741
246 742
242 746
242 750
241 751
241 752
240 753
239 752
237 752
236 751
234 751
233 750
231 750
230 749
227 749
226 748
223 748
222 747
206 747
205 748
203 748
196 755
196 756
195 757
195 758
189 764
189 765
188 766
188 767
186 769
186 770
185 771
185 773
184 774
184 775
183 776
183 779
182 780
182 784
181 785
181 795
182 796
182 801
183 802
183 805
184 806
184 810
185 811
185 815
186 816
186 820
187 821
187 825
186 826
185 826
184 825
183 825
181 823
179 823
178 822
177 822
176 821
175 821
174 820
173 820
172 819
171 819
170 818
168 818
167 817
166 817
165 816
163 816
162 815
160 815
159 814
155 814
154 813
146 813
145 814
143 814
142 815
141 815
140 816
139 816
138 817
137 817
134 820
134 821
133 822
133 829
134 830
134 831
135 832
135 833
136 834
136 835
138 837
138 838
137 839
137 847
138 848
138 855
139 856
139 859
140 860
140 862
141 863
141 865
142 866
142 870
143 871
143 873
144 874
144 875
145 876
145 878
146 879
146 881
147 882
147 884
148 885
148 886
149 887
149 889
150 890
150 892
151 893
151 895
152 896
152 897
153 898
153 900
154 901
154 902
155 903
155 905
156 906
156 907
157 908
157 910
158 911
158 912
159 913
159 915
160 916
160 918
161 919
161 921
162 922
162 923
163 924
163 925
164 926
164 927
165 928
165 929
166 930
166 931
167 932
167 933
168 934
168 937
169 938
169 939
172 942
172 943
171 944
167 940
166 940
164 938
163 938
161 936
161 935
158 932
158 931
157 930
157 929
154 926
154 925
148 919
145 919
144 918
145 917
145 914
141 910
134 910
132 912
131 912
130 913
129 913
128 914
127 914
118 923
118 924
117 925
117 926
116 927
116 928
115 929
115 930
114 931
114 933
113 934
113 935
112 936
112 939
111 940
111 944
109 946
108 946
107 945
96 945
95 946
89 946
88 947
86 947
85 948
83 948
82 949
81 949
80 950
79 950
76 953
75 953
70 958
70 959
65 964
65 965
61 969
61 970
59 972
59 973
58 974
58 976
57 977
57 979
56 980
56 982
55 983
55 997
57 999
57 1002
58 1003
58 1006
59 1007
59 1008
60 1009
60 1010
61 1011
61 1012
64 1015
64 1016
66 1018
66 1019
67 1020
67 1021
68 1022
68 1023
69 1024
69 1026
70 1027
70 1028
71 1029
71 1030
72 1031
72 1032
73 1033
73 1034
76 1037
76 1038
78 1040
78 1041
90 1053
91 1053
94 1056
95 1056
98 1059
99 1059
101 1061
102 1061
103 1062
104 1062
106 1064
107 1064
109 1066
110 1066
112 1068
113 1068
115 1070
116 1070
118 1072
119 1072
120 1073
121 1073
122 1074
122 1075
121 1076
121 1077
120 1078
120 1080
119 1081
118 1080
116 1080
115 1079
110 1079
109 1078
105 1078
104 1077
98 1077
97 1076
89 1076
88 1075
84 1075
83 1076
80 1076
77 1079
76 1079
73 1082
73 1083
72 1084
72 1085
71 1086
71 1092
70 1093
70 1094
69 1095
69 1096
68 1097
68 1098
67 1099
67 1102
66 1103
66 1108
65 1109
65 1115
66 1116
66 1122
67 1123
67 1127
68 1128
68 1131
69 1132
69 1135
70 1136
70 1138
71 1139
71 1140
72 1141
72 1143
73 1144
73 1146
74 1147
74 1148
75 1149
75 1150
76 1151
76 1153
78 1155
78 1156
80 1158
80 1159
82 1161
82 1162
85 1165
85 1166
88 1169
88 1170
90 1172
90 1173
93 1176
93 1177
96 1180
96 1181
102 1187
102 1188
103 1188
105 1190
105 1191
111 1197
112 1197
119 1204
120 1204
124 1208
125 1208
127 1210
128 1210
130 1212
131 1212
132 1213
133 1213
135 1215
136 1215
138 1217
139 1217
140 1218
141 1218
143 1220
144 1220
145 1221
146 1221
147 1222
148 1222
149 1223
150 1223
151 1224
153 1224
154 1225
155 1225
156 1226
158 1226
159 1227
161 1227
162 1228
163 1228
164 1229
166 1229
167 1230
168 1230
169 1231
172 1231
173 1232
175 1232
176 1233
179 1233
180 1234
182 1234
183 1235
187 1235
188 1236
191 1236
192 1237
197 1237
198 1238
204 1238
205 1239
232 1239
233 1240
235 1240
236 1241
239 1241
240 1242
244 1242
245 1243
244 1244
244 1266
245 1267
245 1271
246 1272
246 1275
247 1276
247 1278
246 1279
245 1279
244 1280
242 1280
241 1281
238 1281
237 1282
236 1282
235 1283
233 1283
232 1284
231 1284
230 1285
229 1285
227 1287
226 1287
225 1288
224 1288
223 1289
222 1289
221 1290
220 1290
219 1291
218 1291
217 1292
216 1292
215 1293
214 1293
213 1294
212 1294
210 1296
209 1296
207 1298
206 1298
204 1300
203 1300
201 1302
200 1302
197 1305
196 1305
194 1307
193 1307
189 1311
188 1311
181 1318
181 1319
178 1322
178 1323
175 1326
175 1327
174 1328
174 1329
172 1331
172 1332
171 1333
171 1334
170 1335
170 1336
169 1337
169 1339
168 1340
168 1341
167 1342
167 1344
166 1345
166 1348
165 1349
165 1353
164 1354
164 1361
163 1362
163 1374
164 1375
164 1379
165 1380
165 1382
166 1383
166 1385
167 1386
167 1387
170 1390
170 1391
171 1392
172 1392
174 1394
175 1394
176 1395
179 1395
180 1396
192 1396
193 1395
196 1395
197 1394
201 1394
202 1393
206 1393
207 1392
210 1392
211 1391
214 1391
215 1390
217 1390
218 1389
219 1389
220 1388
251 1388
252 1389
255 1389
256 1388
268 1388
269 1387
274 1387
275 1386
278 1386
279 1385
282 1385
283 1384
284 1384
285 1383
286 1383
287 1382
289 1382
290 1381
291 1381
293 1379
294 1379
296 1377
297 1377
300 1374
301 1374
304 1371
305 1371
319 1357
319 1356
332 1343
332 1342
333 1341
334 1341
335 1342
335 1344
336 1345
336 1346
337 1347
337 1348
338 1349
338 1350
346 1358
347 1358
351 1362
352 1362
353 1363
355 1363
356 1364
361 1364
362 1363
364 1363
365 1362
368 1362
369 1361
372 1361
373 1360
383 1360
384 1359
399 1359
400 1358
402 1358
404 1356
406 1356
407 1355
408 1355
409 1354
411 1354
412 1353
414 1353
416 1351
417 1351
419 1349
420 1349
423 1346
424 1347
424 1348
423 1349
423 1350
421 1352
421 1353
420 1354
420 1355
419 1356
419 1357
417 1359
417 1360
416 1361
416 1362
415 1363
415 1364
414 1365
414 1366
413 1367
413 1368
412 1369
412 1370
411 1371
411 1372
410 1373
410 1375
409 1376
409 1377
408 1378
408 1380
407 1381
407 1383
406 1384
406 1386
405 1387
405 1388
404 1389
404 1390
403 1391
403 1393
402 1394
402 1395
401 1396
401 1397
400 1398
400 1400
399 1401
399 1402
398 1403
398 1404
397 1405
397 1407
396 1408
396 1409
395 1410
395 1411
394 1412
394 1414
393 1415
393 1417
392 1418
392 1421
393 1422
393 1426
394 1427
394 1430
396 1432
396 1433
399 1436
400 1436
401 1437
402 1437
403 1438
404 1438
405 1439
406 1439
407 1440
408 1440
409 1441
410 1441
412 1443
413 1443
415 1445
416 1445
418 1447
419 1447
421 1449
422 1449
426 1453
427 1453
429 1455
431 1455
432 1456
435 1456
436 1457
448 1457
449 1456
452 1456
453 1455
456 1455
457 1454
458 1454
459 1453
461 1453
462 1452
464 1452
465 1451
466 1451
467 1450
468 1450
469 1449
470 1449
472 1447
473 1447
475 1445
476 1445
479 1442
480 1442
484 1438
485 1438
487 1436
488 1436
489 1435
490 1435
492 1433
493 1433
494 1432
495 1432
496 1431
497 1431
500 1428
501 1428
504 1425
505 1426
505 1437
504 1438
504 1452
503 1453
503 1475
502 1476
502 1499
501 1500
501 1540
500 1541
500 1558
501 1559
501 1609
502 1610
502 1637
503 1638
503 1653
504 1654
504 1668
505 1669
505 1682
506 1683
506 1694
507 1695
507 1708
508 1709
508 1719
509 1720
509 1731
510 1732
510 1744
511 1745
511 1754
512 1755
512 1765
513 1766
513 1797
514 1798
514 1800
513 1801
512 1800
512 1799
511 1798
511 1797
509 1795
509 1794
507 1792
507 1791
505 1789
505 1788
502 1785
502 1784
499 1781
499 1780
496 1777
496 1776
491 1771
491 1770
486 1765
486 1764
481 1759
481 1758
475 1752
475 1751
470 1746
470 1745
465 1740
465 1739
460 1734
460 1733
457 1730
457 1728
456 1727
456 1725
455 1724
455 1722
454 1721
454 1718
453 1717
453 1714
452 1713
452 1675
451 1674
451 1672
450 1671
450 1669
449 1668
449 1667
448 1666
448 1665
446 1663
446 1662
442 1658
442 1657
439 1654
438 1654
433 1649
432 1649
428 1645
427 1645
424 1642
423 1642
422 1641
421 1641
419 1639
418 1639
417 1638
416 1638
414 1636
413 1636
412 1635
411 1635
409 1633
408 1633
406 1631
405 1631
404 1630
403 1630
402 1629
401 1629
400 1628
399 1628
398 1627
397 1627
396 1626
395 1626
394 1625
392 1625
391 1624
390 1624
389 1623
388 1623
387 1622
386 1622
385 1621
384 1621
383 1620
382 1620
381 1619
378 1619
377 1618
374 1618
373 1617
369 1617
368 1616
362 1616
362 1619
364 1621
364 1622
365 1623
365 1624
366 1625
366 1626
367 1627
367 1628
368 1629
368 1630
369 1631
369 1632
370 1633
370 1635
371 1636
371 1638
372 1639
372 1640
373 1641
373 1642
374 1643
374 1645
375 1646
375 1647
377 1649
377 1650
378 1651
378 1652
379 1653
379 1654
381 1656
381 1657
384 1660
384 1661
387 1664
387 1665
391 1669
391 1670
396 1675
396 1676
399 1679
399 1680
401 1682
401 1683
400 1684
397 1681
396 1681
392 1677
391 1677
384 1670
383 1670
379 1666
378 1666
373 1661
372 1661
368 1657
367 1657
364 1654
363 1654
360 1651
359 1651
356 1648
355 1648
353 1646
352 1646
350 1644
349 1644
347 1642
346 1642
345 1641
344 1641
342 1639
341 1639
339 1637
338 1637
337 1636
336 1636
335 1635
334 1635
333 1634
331 1634
330 1633
329 1633
328 1632
326 1632
325 1631
322 1631
321 1630
316 1630
315 1629
308 1629
307 1628
303 1628
302 1627
298 1627
297 1626
293 1626
292 1625
289 1625
288 1624
284 1624
283 1623
279 1623
278 1622
267 1622
266 1621
252 1621
251 1622
238 1622
237 1623
232 1623
231 1624
228 1624
227 1625
225 1625
224 1626
223 1626
222 1627
220 1627
219 1628
217 1628
216 1629
215 1629
214 1630
213 1630
212 1631
211 1631
210 1632
209 1632
207 1634
206 1634
205 1635
205 1636
206 1637
207 1637
208 1638
209 1638
210 1637
214 1637
215 1638
218 1638
219 1639
221 1639
222 1640
224 1640
225 1641
231 1641
232 1642
238 1642
239 1643
240 1643
241 1644
244 1644
245 1645
248 1645
249 1646
252 1646
253 1647
256 1647
257 1648
258 1648
260 1650
261 1650
264 1653
265 1653
274 1662
274 1663
276 1665
275 1666
273 1666
272 1665
267 1665
266 1664
253 1664
252 1665
249 1665
248 1666
245 1666
244 1667
239 1667
238 1668
234 1668
233 1669
230 1669
229 1670
224 1670
223 1671
221 1671
220 1672
218 1672
217 1673
215 1673
214 1674
212 1674
211 1675
210 1675
209 1676
208 1676
207 1677
205 1677
204 1678
202 1678
201 1679
200 1679
199 1680
197 1680
196 1681
194 1681
194 1683
197 1686
197 1687
203 1693
204 1693
206 1695
207 1695
209 1697
210 1697
211 1698
212 1698
214 1700
215 1700
218 1703
217 1704
216 1704
215 1705
213 1705
212 1706
210 1706
208 1708
207 1708
206 1709
205 1709
204 1710
202 1710
200 1712
199 1712
197 1714
196 1714
194 1716
193 1716
190 1719
189 1719
181 1727
181 1728
173 1736
173 1737
172 1738
171 1738
170 1739
170 1740
166 1744
166 1745
165 1746
165 1747
163 1749
163 1750
162 1751
162 1752
161 1753
161 1754
160 1755
160 1756
159 1757
159 1758
158 1759
158 1760
157 1761
157 1762
156 1763
156 1765
155 1766
155 1767
154 1768
154 1770
153 1771
153 1776
152 1777
152 1782
153 1783
153 1785
155 1787
158 1787
162 1783
162 1782
164 1780
164 1779
165 1778
165 1777
173 1769
174 1769
175 1768
176 1768
177 1767
179 1767
180 1766
184 1766
185 1765
191 1765
192 1764
199 1764
200 1763
202 1763
203 1762
208 1762
209 1761
215 1761
216 1760
219 1760
220 1759
224 1759
225 1758
228 1758
229 1757
232 1757
233 1756
236 1756
237 1755
238 1755
239 1754
241 1754
242 1753
244 1753
245 1752
246 1752
247 1753
246 1754
246 1755
245 1756
245 1757
243 1759
243 1761
242 1762
242 1765
241 1766
241 1773
240 1774
240 1775
241 1776
241 1781
240 1782
240 1784
239 1785
239 1787
241 1789
242 1789
243 1790
246 1790
247 1789
251 1789
252 1788
255 1788
256 1787
258 1787
259 1786
261 1786
262 1785
263 1785
264 1784
265 1784
266 1783
267 1783
268 1782
269 1782
270 1781
271 1781
272 1780
273 1780
275 1778
276 1778
278 1776
279 1776
280 1775
281 1775
283 1773
284 1773
286 1771
287 1771
289 1769
290 1769
291 1768
292 1768
293 1767
294 1767
296 1765
297 1765
298 1764
299 1764
300 1763
301 1763
303 1761
304 1761
307 1758
308 1758
311 1755
312 1755
323 1744
324 1744
338 1730
339 1730
344 1725
345 1725
348 1722
349 1722
350 1723
350 1724
349 1725
349 1726
348 1727
348 1728
347 1729
347 1730
346 1731
346 1732
345 1733
345 1734
344 1735
344 1737
343 1738
343 1740
342 1741
342 1743
341 1744
341 1747
340 1748
340 1753
339 1754
339 1770
338 1771
338 1776
337 1777
337 1778
338 1779
338 1780
339 1781
347 1781
348 1780
351 1780
352 1779
353 1779
354 1778
355 1778
356 1777
358 1777
360 1775
361 1775
363 1773
364 1773
368 1769
369 1769
374 1764
375 1764
377 1762
378 1762
379 1761
380 1761
382 1759
383 1759
384 1758
385 1758
387 1756
389 1756
390 1755
391 1755
392 1754
393 1754
394 1753
395 1753
396 1752
397 1752
398 1751
400 1751
401 1750
402 1750
403 1749
405 1749
406 1748
408 1748
409 1747
411 1747
412 1746
414 1746
415 1745
417 1745
418 1744
419 1744
420 1743
421 1743
422 1742
423 1742
424 1741
426 1741
427 1740
433 1740
434 1741
436 1741
437 1742
439 1742
447 1750
447 1751
448 1752
448 1753
449 1754
449 1755
452 1758
452 1759
461 1768
461 1769
466 1774
466 1775
469 1778
469 1779
471 1781
471 1782
474 1785
474 1786
477 1789
477 1790
480 1793
480 1794
482 1796
482 1797
485 1800
485 1801
487 1803
487 1804
489 1806
489 1807
491 1809
491 1810
493 1812
493 1813
494 1814
494 1815
495 1816
495 1817
496 1818
496 1819
497 1820
497 1821
498 1822
498 1823
499 1824
499 1825
500 1826
500 1827
501 1828
501 1831
502 1832
502 1834
503 1835
503 1838
504 1839
504 1841
505 1842
505 1843
506 1844
506 1845
507 1846
507 1847
509 1849
509 1850
511 1852
511 1853
513 1855
513 1856
515 1858
515 1859
517 1861
517 1862
519 1864
519 1865
520 1866
520 1867
521 1868
521 1869
522 1870
522 1875
523 1876
523 1886
524 1887
524 1896
525 1897
525 1909
526 1910
526 1924
527 1925
527 1939
528 1940
528 1952
529 1953
529 1977
530 1978
530 2004
531 2005
531 2142
530 2143
530 2207
529 2208
529 2239
528 2240
528 2258
527 2259
527 2279
526 2280
526 2296
525 2297
525 2310
524 2311
524 2320
523 2321
523 2332
522 2333
522 2348
521 2349
521 2361
520 2362
520 2373
519 2374
519 2387
518 2388
518 2399
569 2399
569 2389
570 2388
570 2378
571 2377
571 2366
572 2365
572 2354
573 2353
573 2341
574 2340
574 2326
575 2325
575 2311
576 2310
576 2296
577 2295
577 2278
578 2277
578 2256
579 2255
579 2231
580 2230
580 2093
579 2092
579 2038
578 2037
578 1995
577 1994
577 1973
576 1972
576 1953
575 1952
575 1936
574 1935
574 1913
573 1912
573 1895
572 1894
572 1877
571 1876
571 1856
572 1855
572 1850
573 1849
573 1847
574 1846
574 1844
575 1843
575 1842
576 1841
576 1839
577 1838
577 1836
578 1835
578 1833
579 1832
579 1830
580 1829
580 1825
581 1824
581 1808
582 1807
582 1804
583 1803
583 1800
584 1799
584 1796
585 1795
585 1793
586 1792
586 1790
587 1789
587 1788
588 1787
588 1785
589 1784
589 1783
590 1782
590 1781
591 1780
591 1779
593 1777
593 1776
594 1775
594 1774
596 1772
596 1771
598 1769
598 1768
600 1766
600 1765
605 1760
605 1759
613 1751
613 1750
620 1743
620 1742
625 1737
625 1736
633 1728
633 1727
634 1726
636 1726
637 1727
638 1727
639 1728
641 1728
642 1729
644 1729
645 1730
646 1730
647 1731
648 1731
649 1732
650 1732
651 1733
652 1733
654 1735
655 1735
656 1736
657 1736
659 1738
660 1738
662 1740
663 1740
665 1742
666 1742
667 1743
668 1743
670 1745
671 1745
672 1746
673 1746
674 1747
675 1747
676 1748
677 1748
678 1749
679 1749
680 1750
682 1750
687 1745
688 1745
689 1746
691 1746
692 1747
693 1747
694 1748
696 1748
697 1749
699 1749
700 1750
701 1750
702 1751
704 1751
705 1752
707 1752
708 1753
710 1753
711 1754
713 1754
714 1755
716 1755
717 1756
719 1756
720 1757
723 1757
724 1758
727 1758
728 1759
730 1759
731 1760
733 1760
734 1761
738 1761
739 1762
741 1762
742 1763
745 1763
746 1764
749 1764
750 1765
753 1765
754 1766
757 1766
758 1767
760 1767
761 1768
763 1768
764 1769
766 1769
767 1770
769 1770
770 1771
771 1771
772 1772
774 1772
775 1773
777 1773
778 1774
780 1774
781 1775
782 1775
783 1776
784 1776
785 1777
786 1777
787 1778
789 1778
790 1777
791 1777
791 1772
790 1771
790 1767
789 1766
789 1762
788 1761
788 1759
787 1758
787 1756
786 1755
786 1753
785 1752
785 1751
784 1750
784 1749
783 1748
783 1747
782 1746
782 1745
781 1744
781 1743
780 1742
780 1741
778 1739
778 1738
777 1737
777 1736
774 1733
774 1732
772 1730
772 1729
766 1723
766 1722
759 1715
758 1715
753 1710
752 1710
749 1707
748 1707
745 1704
744 1704
742 1702
741 1702
740 1701
739 1701
737 1699
736 1699
735 1698
734 1698
733 1697
732 1697
731 1696
730 1696
729 1695
728 1695
727 1694
725 1694
724 1693
723 1693
722 1692
720 1692
719 1691
717 1691
716 1690
714 1690
713 1689
710 1689
709 1688
707 1688
706 1687
703 1687
702 1686
698 1686
697 1685
690 1685
689 1684
683 1684
682 1683
683 1682
686 1682
687 1681
689 1681
690 1680
692 1680
693 1679
695 1679
696 1678
699 1678
700 1677
705 1677
706 1676
712 1676
713 1675
741 1675
742 1676
804 1676
805 1677
831 1677
832 1676
836 1676
837 1675
839 1675
840 1674
842 1674
843 1673
846 1673
847 1672
849 1672
850 1671
851 1671
852 1670
853 1670
855 1668
856 1668
858 1666
858 1665
860 1663
860 1662
861 1661
861 1660
862 1659
862 1658
861 1658
860 1657
858 1657
857 1656
855 1656
854 1655
853 1655
852 1654
853 1653
857 1653
858 1652
862 1652
863 1651
866 1651
867 1650
868 1650
869 1649
870 1649
871 1648
872 1648
873 1647
875 1647
876 1646
878 1646
879 1645
881 1645
882 1644
883 1644
889 1638
889 1637
892 1634
892 1633
895 1630
896 1630
897 1629
898 1629
899 1628
901 1628
901 1626
900 1625
899 1625
898 1624
897 1624
896 1623
895 1623
894 1622
893 1622
892 1621
891 1621
885 1615
884 1615
882 1613
881 1613
879 1611
878 1611
877 1610
876 1610
875 1609
874 1609
873 1608
872 1608
871 1607
870 1607
869 1606
867 1606
866 1605
864 1605
863 1604
860 1604
859 1603
856 1603
855 1602
850 1602
849 1601
848 1601
847 1600
851 1596
852 1596
863 1585
863 1584
870 1577
870 1576
874 1572
874 1571
877 1568
877 1567
880 1564
880 1563
882 1561
882 1560
884 1558
884 1557
885 1556
885 1555
889 1551
889 1550
895 1544
895 1543
909 1529
909 1528
910 1527
910 1526
911 1525
911 1518
912 1517
912 1515
911 1515
910 1514
909 1514
908 1513
907 1513
906 1512
905 1512
904 1511
903 1511
902 1510
899 1510
898 1509
896 1509
895 1508
892 1508
891 1507
886 1507
885 1506
875 1506
874 1507
869 1507
868 1508
866 1508
865 1509
861 1509
860 1510
857 1510
856 1511
853 1511
852 1512
850 1512
849 1513
846 1513
845 1514
844 1514
843 1515
841 1515
840 1516
839 1516
838 1517
837 1517
836 1518
834 1518
833 1519
832 1519
831 1520
830 1520
828 1522
826 1522
825 1523
824 1523
823 1524
822 1524
821 1525
820 1525
819 1526
811 1526
810 1527
805 1527
804 1528
800 1528
799 1529
796 1529
795 1530
793 1530
792 1531
789 1531
788 1532
787 1532
786 1533
785 1533
784 1534
783 1534
782 1535
781 1535
779 1537
778 1537
776 1539
775 1539
772 1542
771 1542
767 1546
767 1547
765 1549
765 1550
764 1551
763 1550
763 1549
761 1547
761 1546
755 1540
754 1540
752 1538
751 1538
746 1533
744 1533
743 1534
732 1534
731 1535
729 1535
728 1536
727 1536
726 1537
725 1537
724 1538
722 1538
720 1540
719 1540
717 1542
716 1542
712 1546
711 1546
706 1551
705 1551
699 1557
698 1557
677 1578
677 1579
674 1582
674 1583
673 1584
673 1585
671 1587
671 1589
670 1590
670 1592
669 1593
669 1595
668 1596
668 1597
667 1598
667 1601
666 1602
666 1605
665 1606
664 1605
664 1604
660 1600
659 1600
658 1599
656 1599
654 1597
653 1597
651 1595
651 1594
649 1594
647 1596
647 1599
646 1600
646 1601
634 1613
634 1614
622 1626
622 1627
619 1630
619 1631
618 1632
618 1635
617 1636
617 1638
616 1639
616 1645
615 1646
615 1657
616 1658
616 1665
617 1666
617 1692
616 1693
616 1697
615 1698
615 1700
614 1701
614 1703
613 1704
613 1706
612 1707
612 1708
611 1709
611 1710
610 1711
610 1712
609 1713
609 1714
607 1716
607 1717
605 1719
605 1720
602 1723
602 1724
593 1733
593 1734
590 1737
590 1738
586 1742
586 1743
584 1745
584 1746
582 1748
582 1749
580 1751
580 1752
578 1754
578 1755
577 1756
577 1757
575 1759
575 1760
574 1761
574 1762
572 1764
572 1765
571 1766
571 1767
569 1769
569 1770
568 1771
568 1772
567 1773
567 1774
566 1775
566 1776
565 1777
565 1778
564 1779
564 1780
562 1782
560 1780
560 1773
559 1772
559 1767
558 1766
558 1757
557 1756
557 1748
556 1747
556 1740
555 1739
555 1731
554 1730
554 1721
553 1720
553 1712
552 1711
552 1703
551 1702
551 1692
550 1691
550 1684
549 1683
549 1674
548 1673
548 1664
547 1663
547 1651
546 1650
546 1635
545 1634
545 1617
544 1616
544 1589
543 1588
543 1561
542 1560
542 1526
543 1525
543 1482
544 1481
544 1464
545 1463
546 1464
546 1465
548 1467
548 1468
551 1471
551 1473
552 1474
552 1475
554 1477
554 1478
558 1482
558 1483
569 1494
570 1494
575 1499
576 1499
578 1501
579 1501
583 1505
584 1505
587 1508
588 1508
594 1514
595 1514
597 1516
598 1516
599 1517
600 1517
601 1518
602 1518
603 1519
604 1519
605 1520
606 1520
607 1521
608 1521
609 1522
611 1522
612 1523
613 1523
614 1524
619 1524
620 1525
621 1524
626 1524
627 1523
633 1523
634 1522
636 1522
637 1521
638 1521
639 1520
641 1520
643 1518
644 1518
657 1505
657 1504
661 1500
661 1499
664 1496
664 1495
666 1493
666 1492
667 1491
667 1490
669 1488
669 1487
670 1486
670 1485
672 1483
672 1482
674 1480
674 1479
675 1478
675 1477
676 1476
676 1475
677 1474
677 1473
678 1472
678 1471
679 1470
679 1469
680 1468
680 1467
681 1466
681 1464
682 1463
682 1461
683 1460
683 1458
684 1457
684 1455
685 1454
685 1452
686 1451
686 1429
685 1428
685 1424
684 1423
684 1420
683 1419
683 1417
682 1416
682 1414
681 1413
681 1411
680 1410
680 1409
679 1408
679 1406
678 1405
678 1404
677 1403
677 1402
676 1401
676 1399
675 1398
675 1397
674 1396
674 1395
673 1394
673 1392
672 1391
672 1390
671 1389
671 1388
670 1387
670 1386
669 1385
669 1384
668 1383
668 1382
667 1381
667 1380
666 1379
666 1377
665 1376
665 1374
664 1373
664 1372
663 1371
663 1370
662 1369
662 1368
661 1367
661 1366
659 1364
659 1363
655 1359
656 1358
658 1358
659 1359
664 1359
665 1360
678 1360
679 1361
698 1361
699 1360
705 1360
706 1359
708 1359
709 1358
711 1358
712 1357
716 1357
717 1358
719 1358
720 1359
724 1359
725 1360
731 1360
732 1361
745 1361
746 1360
754 1360
755 1359
760 1359
761 1358
764 1358
765 1357
769 1357
770 1356
772 1356
773 1355
774 1355
775 1354
776 1354
778 1352
779 1352
780 1351
781 1351
782 1350
783 1350
784 1349
785 1349
787 1347
788 1347
791 1344
792 1344
795 1341
796 1341
803 1334
804 1334
805 1333
808 1333
809 1332
815 1332
816 1331
817 1332
823 1332
824 1333
847 1333
848 1332
853 1332
854 1331
859 1331
860 1330
865 1330
866 1329
870 1329
871 1328
874 1328
875 1327
877 1327
878 1326
880 1326
881 1325
883 1325
884 1324
885 1324
886 1323
887 1323
888 1322
889 1322
890 1321
891 1321
892 1320
893 1320
894 1319
895 1319
897 1317
898 1317
910 1305
910 1304
913 1301
913 1300
914 1299
914 1298
916 1296
916 1295
918 1293
918 1292
920 1290
920 1289
921 1288
921 1287
923 1285
923 1284
924 1283
924 1282
925 1281
925 1280
926 1279
926 1277
927 1276
927 1258
928 1257
931 1257
932 1256
935 1256
936 1255
937 1255
938 1254
940 1254
941 1253
943 1253
944 1252
946 1252
947 1251
948 1251
949 1250
951 1250
952 1249
954 1249
955 1248
956 1248
957 1247
959 1247
960 1246
961 1246
962 1245
963 1245
964 1244
965 1244
966 1243
967 1243
968 1242
969 1242
970 1241
971 1241
972 1240
973 1240
974 1239
975 1239
976 1238
977 1238
978 1237
979 1237
980 1236
981 1236
983 1234
984 1234
985 1233
986 1233
988 1231
989 1231
992 1228
993 1228
996 1225
997 1225
1009 1213
1009 1212
1012 1209
1012 1208
1013 1207
1013 1206
1014 1205
1014 1204
1016 1202
1016 1201
1017 1200
1017 1199
1018 1198
1018 1196
1019 1195
1019 1194
1020 1193
1020 1191
1021 1190
1021 1188
1022 1187
1022 1185
1023 1184
1023 1181
1024 1180
1024 1166
1023 1165
1023 1163
1022 1162
1022 1161
1021 1160
1021 1159
1020 1158
1020 1157
1018 1155
1018 1154
1017 1153
1017 1151
1018 1150
1018 1143
1017 1142
1017 1139
1016 1138
1016 1136
1015 1135
1015 1134
1014 1133
1014 1132
1013 1131
1013 1130
1011 1128
1011 1127
1004 1120
1003 1120
1002 1119
1001 1119
1000 1118
999 1118
998 1117
996 1117
995 1116
993 1116
992 1115
990 1115
989 1114
984 1114
983 1113
979 1113
978 1112
959 1112
958 1113
952 1113
951 1114
949 1114
948 1113
949 1112
949 1111
951 1109
951 1108
952 1107
952 1106
953 1105
953 1104
954 1103
954 1101
955 1100
955 1099
956 1098
956 1094
957 1093
957 1092
961 1088
961 1087
965 1083
965 1082
969 1078
969 1077
971 1075
971 1074
973 1072
973 1071
976 1068
976 1067
977 1066
977 1065
979 1063
979 1062
981 1060
981 1059
982 1058
982 1057
984 1055
984 1054
985 1053
985 1052
987 1050
987 1049
988 1048
988 1047
989 1046
989 1045
990 1044
990 1043
991 1042
991 1041
992 1040
992 1039
993 1038
993 1037
994 1036
994 1035
995 1034
995 1033
996 1032
996 1031
997 1030
997 1029
998 1028
998 1026
999 1025
999 1024
1000 1023
1000 1021
1001 1020
1001 1018
1002 1017
1002 1014
1003 1013
1003 1011
1004 1010
1004 1008
1005 1007
1005 1005
1006 1004
1006 1003
1007 1002
1007 1001
1008 1000
1008 999
1009 998
1009 996
1010 995
1010 992
1011 991
1011 989
1012 988
1012 984
1013 983
1013 975
1012 974
1012 973
1011 972
1011 971
1009 969
1009 967
1007 965
1007 964
1006 963
1006 962
1001 957
999 957
998 956
997 956
996 955
995 955
994 954
993 954
992 953
991 953
988 950
987 950
985 948
983 948
982 947
979 947
978 946
964 946
963 947
961 947
960 946
960 934
961 933
961 925
962 924
962 916
961 915
961 908
960 907
960 902
959 901
959 900
958 899
958 898
957 897
957 896
956 895
956 893
955 892
955 891
953 889
953 888
947 882
946 882
944 880
943 880
942 879
941 879
940 878
939 878
938 877
936 877
935 876
933 876
932 875
929 875
928 874
923 874
922 875
921 875
920 876
919 876
918 877
918 878
917 879
916 878
916 871
917 870
916 869
916 858
915 857
915 848
914 847
914 839
913 838
913 837
914 836
914 815
915 814
915 801
914 800
914 792
913 791
913 789
912 788
912 787
911 786
911 785
910 784
910 783
909 782
909 781
908 780
908 779
905 776
905 775
900 770
899 770
898 769
898 768
896 766
895 766
889 760
889 759
887 757
886 757
884 755
883 755
882 754
880 754
879 753
865 753
864 754
860 754
859 755
857 755
856 756
855 756
854 757
853 757
852 758
850 758
849 759
848 759
847 760
846 760
845 761
844 761
843 762
842 762
841 763
838 760
838 758
837 757
837 756
836 755
836 753
834 751
834 749
832 747
832 745
830 743
830 742
829 741
829 740
827 738
827 737
825 735
825 734
822 731
822 730
817 725
816 725
813 722
812 722
810 720
809 720
808 719
807 719
805 717
803 717
802 716
801 716
800 715
797 715
796 714
791 714
790 713
787 713
786 712
786 711
785 710
785 709
783 707
783 706
782 705
782 704
779 701
779 700
775 696
775 695
766 686
765 686
763 684
762 684
761 683
760 683
759 682
758 682
757 681
754 681
753 680
747 680
746 681
741 681
740 682
736 682
735 683
731 683
730 684
729 684
728 685
726 685
725 686
723 686
722 687
721 687
720 688
719 688
717 690
716 690
715 691
714 691
711 694
710 694
697 707
697 708
694 711
694 712
693 713
691 711
691 708
690 707
690 704
689 703
689 700
688 699
688 697
687 696
687 694
686 693
686 691
685 690
685 688
684 687
684 686
683 685
683 684
682 683
682 682
681 681
681 680
680 679
680 678
678 676
678 675
676 673
676 672
673 669
673 668
668 663
667 663
665 661
664 661
662 659
661 659
660 658
658 658
657 657
654 657
653 656
650 656
649 655
647 655
646 654
644 654
642 652
635 652
634 653
630 653
629 654
625 654
624 655
622 655
621 656
619 656
618 657
617 657
616 658
614 658
613 659
612 659
611 660
610 660
609 661
607 661
606 662
605 662
604 663
603 663
601 665
600 665
599 666
598 666
596 668
595 668
593 670
592 670
589 673
588 673
586 675
585 675
582 678
581 678
581 679
573 687
571 685
571 683
570 682
570 679
569 678
569 677
568 676
568 673
567 672
567 671
566 670
566 668
565 667
565 665
564 664
564 663
563 662
563 661
562 660
562 659
561 658
561 657
560 656
560 655
559 654
559 653
556 650
555 650
554 649
552 649
551 648
549 648
548 647
545 647
544 648
541 648
540 649
539 649
538 650
537 650
536 651
535 651
532 654
531 654
531 655
532 656
527 661
526 660
526 659
524 657
524 656
521 653
521 652
516 647
516 646
513 643
512 643
508 639
507 639
505 637
504 637
502 635
501 635
500 634
498 634
497 633
495 633
493 631

