257 768
256 769
246 769
245 770
237 770
236 771
230 771
229 772
225 772
224 773
222 773
221 774
218 774
217 775
213 775
212 776
209 776
208 777
206 777
205 778
202 778
201 779
198 779
197 780
195 780
194 781
191 781
190 782
187 782
186 783
182 783
181 784
179 784
178 785
174 785
173 784
165 784
164 783
149 783
148 784
140 784
139 785
132 785
131 786
124 786
123 787
120 787
119 788
117 788
116 789
113 789
112 790
109 790
108 791
107 791
106 792
105 792
104 793
102 793
100 795
99 795
98 796
97 796
96 797
95 797
92 800
91 800
88 803
87 803
85 805
84 805
77 812
77 814
75 816
75 818
76 818
77 819
77 820
78 821
79 821
80 822
84 822
85 823
87 823
88 822
89 822
90 821
92 821
94 819
95 819
96 818
97 818
99 816
100 816
101 815
103 815
104 814
106 814
107 813
111 813
112 812
117 812
118 811
132 811
133 812
138 812
139 813
145 813
146 814
151 814
152 815
155 815
156 816
160 816
161 817
162 817
163 818
166 818
167 819
169 819
170 820
172 820
173 821
175 821
176 822
178 822
179 823
182 823
183 824
185 824
186 825
187 825
188 826
189 826
191 828
192 828
193 829
194 829
196 831
197 831
199 833
199 834
200 835
200 840
199 841
199 849
198 850
198 857
197 858
197 861
196 862
196 865
195 866
195 870
194 871
194 874
193 875
193 878
192 879
192 882
191 883
191 887
190 888
190 891
189 892
189 896
188 897
188 901
187 902
187 906
186 907
186 911
185 912
185 917
184 918
184 922
183 923
183 929
182 930
182 940
181 941
181 955
180 956
180 990
179 991
179 1058
180 1059
180 1081
181 1082
181 1103
182 1104
182 1109
183 1110
183 1115
184 1116
184 1118
185 1119
185 1123
186 1124
186 1126
187 1127
187 1128
188 1129
188 1131
189 1132
189 1133
190 1134
190 1137
192 1139
192 1142
193 1143
193 1144
194 1145
194 1147
195 1148
195 1150
196 1151
196 1152
197 1153
197 1155
199 1157
199 1159
200 1160
200 1161
201 1162
201 1163
202 1164
202 1165
203 1166
203 1167
205 1169
205 1170
206 1171
206 1173
208 1175
208 1176
209 1177
209 1178
214 1183
214 1184
218 1188
218 1189
219 1190
220 1190
221 1191
221 1192
225 1196
225 1197
226 1198
227 1198
229 1200
229 1201
237 1209
237 1210
239 1212
240 1212
241 1213
241 1214
249 1222
250 1222
251 1223
251 1224
252 1224
254 1226
254 1227
255 1227
257 1229
257 1230
258 1230
262 1234
263 1234
265 1236
266 1236
268 1238
269 1238
270 1239
270 1240
271 1240
273 1242
274 1242
277 1245
278 1245
283 1250
284 1250
288 1254
289 1254
293 1258
294 1258
299 1263
300 1263
302 1265
303 1265
304 1266
305 1266
308 1269
309 1269
310 1270
311 1270
313 1272
314 1272
315 1273
316 1273
318 1275
319 1275
320 1276
321 1276
322 1277
323 1277
324 1278
325 1278
326 1279
327 1279
329 1281
331 1281
333 1283
334 1283
335 1284
336 1284
337 1285
338 1285
339 1286
340 1286
342 1288
343 1288
346 1291
348 1291
350 1293
351 1293
353 1295
354 1295
355 1296
356 1296
357 1297
358 1297
359 1298
361 1298
362 1299
363 1299
364 1300
365 1300
366 1301
369 1301
370 1302
372 1302
373 1303
375 1303
376 1304
379 1304
380 1305
384 1305
385 1306
391 1306
393 1308
393 1309
395 1311
395 1313
396 1314
396 1315
398 1317
398 1318
399 1319
399 1320
401 1322
401 1323
402 1324
402 1325
403 1326
403 1328
405 1330
405 1333
407 1335
407 1337
408 1338
408 1339
409 1340
409 1341
410 1342
410 1343
411 1344
411 1345
412 1346
412 1347
413 1348
413 1350
414 1351
414 1353
415 1354
415 1355
416 1356
416 1358
418 1360
418 1362
419 1363
419 1364
421 1366
421 1369
422 1370
422 1371
423 1372
423 1373
424 1374
424 1375
425 1376
425 1378
426 1379
426 1380
427 1381
427 1383
428 1384
428 1386
430 1388
430 1391
431 1392
431 1393
432 1394
432 1395
433 1396
433 1398
434 1399
434 1401
435 1402
435 1404
436 1405
436 1406
437 1407
437 1409
438 1410
438 1411
439 1412
439 1414
440 1415
440 1416
441 1417
441 1418
442 1419
442 1422
443 1423
443 1424
444 1425
444 1428
445 1429
445 1432
446 1433
446 1434
447 1435
447 1438
448 1439
448 1440
449 1441
449 1443
450 1444
450 1447
451 1448
451 1449
452 1450
452 1453
453 1454
453 1457
454 1458
454 1460
455 1461
455 1465
456 1466
456 1470
457 1471
457 1473
458 1474
458 1480
459 1481
459 1485
460 1486
460 1490
461 1491
461 1496
462 1497
462 1502
463 1503
463 1509
464 1510
464 1515
465 1516
465 1522
466 1523
466 1526
467 1527
467 1532
468 1533
468 1540
469 1541
469 1549
470 1550
470 1557
471 1558
471 1565
472 1566
472 1572
473 1573
473 1580
474 1581
474 1592
475 1593
475 1596
476 1597
476 1600
477 1601
477 1610
478 1611
478 1618
479 1619
479 1624
480 1625
480 1633
481 1634
481 1640
482 1641
482 1650
483 1651
483 1657
484 1658
484 1664
485 1665
485 1675
486 1676
486 1681
487 1682
486 1683
486 1685
487 1686
487 1693
488 1694
488 1701
489 1702
489 1709
490 1710
490 1715
489 1716
488 1716
487 1717
486 1717
485 1718
482 1718
481 1719
476 1719
475 1720
470 1720
469 1721
465 1721
464 1722
461 1722
460 1723
458 1723
457 1724
455 1724
453 1726
452 1726
449 1729
449 1730
448 1731
448 1733
447 1734
447 1743
446 1744
446 1746
447 1747
447 1756
448 1757
448 1760
449 1761
449 1763
450 1764
450 1765
451 1766
451 1768
452 1769
452 1770
453 1771
453 1772
454 1773
454 1774
455 1775
455 1776
456 1777
456 1778
457 1779
457 1780
458 1781
458 1782
460 1784
460 1785
462 1787
462 1788
466 1792
466 1793
470 1797
470 1798
474 1802
474 1803
482 1811
482 1812
483 1813
484 1813
485 1814
485 1815
495 1825
496 1825
503 1832
504 1832
510 1838
511 1838
513 1840
514 1840
516 1842
517 1842
521 1846
522 1846
523 1847
524 1847
526 1849
527 1849
530 1852
531 1852
533 1854
534 1854
537 1857
538 1857
539 1858
540 1858
542 1860
543 1860
546 1863
547 1863
549 1865
550 1865
552 1867
553 1867
556 1870
556 1871
558 1873
558 1874
559 1875
559 1876
560 1877
560 1878
562 1880
562 1881
563 1882
563 1884
564 1885
564 1887
565 1888
565 1890
566 1891
566 1894
567 1895
567 1900
568 1901
568 1908
569 1909
569 1915
570 1916
570 1919
569 1920
569 1921
570 1922
570 1933
571 1934
571 1947
572 1948
572 1972
573 1973
573 1979
572 1980
572 1981
573 1982
573 2026
572 2027
572 2052
571 2053
571 2066
570 2067
570 2088
569 2089
569 2098
568 2099
568 2107
567 2108
567 2118
566 2119
566 2127
565 2128
565 2138
564 2139
564 2148
563 2149
563 2155
562 2156
562 2164
561 2165
561 2172
560 2173
560 2180
559 2181
559 2188
558 2189
558 2197
557 2198
557 2205
556 2206
556 2214
555 2215
555 2220
554 2221
554 2227
553 2228
553 2233
552 2234
552 2240
551 2241
551 2246
550 2247
550 2253
549 2254
549 2261
548 2262
548 2267
547 2268
547 2274
546 2275
546 2281
545 2282
545 2286
544 2287
544 2291
543 2292
543 2298
542 2299
542 2304
541 2305
541 2309
540 2310
540 2315
539 2316
539 2320
538 2321
538 2327
537 2328
537 2332
536 2333
536 2337
535 2338
535 2341
534 2342
534 2347
533 2348
533 2352
532 2353
532 2357
531 2358
531 2362
530 2363
530 2368
529 2369
529 2372
528 2373
528 2377
527 2378
527 2383
526 2384
526 2388
525 2389
525 2393
524 2394
524 2398
523 2399
617 2399
617 2394
618 2393
618 2390
619 2389
619 2385
620 2384
620 2380
621 2379
621 2375
622 2374
622 2371
623 2370
623 2365
624 2364
624 2360
625 2359
625 2356
626 2355
626 2351
627 2350
627 2346
628 2345
628 2341
629 2340
629 2337
630 2336
630 2331
631 2330
631 2326
632 2325
632 2321
633 2320
633 2314
634 2313
634 2309
635 2308
635 2305
636 2304
636 2300
637 2299
637 2295
638 2294
638 2289
639 2288
639 2284
640 2283
640 2278
641 2277
641 2272
642 2271
642 2266
643 2265
643 2260
644 2259
644 2253
645 2252
645 2247
646 2246
646 2241
647 2240
647 2236
648 2235
648 2229
649 2228
649 2223
650 2222
650 2217
651 2216
651 2211
652 2210
652 2206
653 2205
653 2197
654 2196
654 2190
655 2189
655 2183
656 2182
656 2174
657 2173
657 2167
658 2166
658 2160
659 2159
659 2152
660 2151
660 2145
661 2144
661 2137
662 2136
662 2127
663 2126
663 2120
664 2119
664 2111
665 2110
665 2100
666 2099
666 2092
667 2091
667 2083
668 2082
668 2069
669 2068
669 2058
670 2057
670 2048
671 2047
671 2037
672 2036
672 2027
673 2026
673 2015
674 2014
674 2001
675 2000
675 1991
676 1990
676 1977
677 1976
677 1964
678 1963
678 1952
679 1951
679 1939
680 1938
680 1926
681 1925
681 1916
682 1915
682 1906
683 1905
683 1899
684 1898
684 1891
685 1890
685 1882
686 1881
686 1874
687 1873
687 1866
688 1865
688 1859
689 1858
689 1853
690 1852
690 1847
691 1846
691 1842
692 1841
692 1836
693 1835
693 1831
694 1830
694 1827
695 1826
695 1824
696 1823
696 1820
697 1819
697 1817
698 1816
698 1814
699 1813
699 1811
700 1810
700 1809
701 1808
701 1806
702 1805
702 1804
703 1803
703 1801
704 1800
704 1799
705 1798
705 1797
706 1796
706 1795
707 1794
707 1793
708 1792
708 1791
710 1789
710 1788
711 1787
711 1786
713 1784
713 1783
714 1782
714 1781
716 1779
716 1778
717 1777
717 1776
719 1774
719 1773
720 1772
720 1771
722 1769
722 1768
723 1767
723 1766
725 1764
725 1763
726 1762
726 1761
728 1759
728 1758
729 1757
729 1756
730 1755
730 1754
731 1753
731 1752
732 1751
732 1750
733 1749
733 1748
734 1747
734 1746
735 1745
735 1743
737 1741
737 1739
738 1738
738 1736
739 1735
739 1734
740 1733
740 1731
741 1730
741 1728
742 1727
742 1725
743 1724
743 1722
744 1721
744 1718
745 1717
745 1715
746 1714
746 1711
747 1710
747 1708
748 1707
748 1704
749 1703
749 1700
750 1699
750 1693
751 1692
751 1688
752 1687
752 1681
753 1680
753 1674
754 1673
754 1665
755 1664
755 1657
756 1656
756 1647
757 1646
757 1637
758 1636
758 1620
759 1619
759 1609
760 1608
760 1595
761 1594
761 1586
762 1585
762 1576
763 1575
763 1568
764 1567
764 1562
765 1561
765 1555
766 1554
766 1550
767 1549
767 1546
768 1545
768 1542
769 1541
769 1538
770 1537
770 1535
771 1534
771 1532
772 1531
772 1529
773 1528
773 1526
774 1525
774 1523
775 1522
775 1520
776 1519
776 1517
777 1516
777 1514
778 1513
778 1511
779 1510
779 1509
780 1508
780 1506
781 1505
781 1503
782 1502
782 1501
783 1500
783 1499
784 1498
784 1496
785 1495
785 1493
786 1492
786 1491
787 1490
787 1488
788 1487
788 1486
789 1485
789 1483
790 1482
790 1481
791 1480
791 1479
792 1478
792 1477
793 1476
793 1475
794 1474
794 1473
795 1472
795 1471
796 1470
796 1469
797 1468
797 1467
798 1466
798 1465
799 1464
799 1463
800 1462
800 1461
801 1460
801 1459
803 1457
803 1456
805 1454
805 1453
806 1452
806 1451
807 1450
807 1449
809 1447
809 1446
812 1443
812 1442
815 1439
815 1438
818 1435
818 1434
822 1430
822 1429
823 1428
824 1428
824 1427
830 1421
830 1420
840 1410
841 1410
841 1409
843 1407
844 1407
854 1397
855 1397
859 1393
860 1393
862 1391
863 1391
865 1389
866 1389
867 1388
868 1388
870 1386
871 1386
872 1385
873 1385
874 1384
875 1384
877 1382
878 1382
880 1380
881 1380
884 1377
885 1377
888 1374
889 1374
893 1370
894 1370
899 1365
900 1365
905 1360
906 1360
909 1357
910 1357
912 1355
913 1355
915 1353
916 1353
918 1351
919 1351
920 1350
921 1350
923 1348
924 1348
925 1347
926 1347
927 1346
928 1346
929 1345
930 1345
932 1343
933 1343
935 1341
936 1341
937 1340
938 1340
939 1339
940 1339
942 1337
943 1337
946 1334
947 1334
949 1332
950 1332
973 1309
973 1308
978 1303
978 1302
981 1299
981 1298
986 1293
986 1292
988 1290
988 1289
990 1287
990 1286
992 1284
992 1283
993 1282
993 1281
995 1279
995 1278
996 1277
996 1276
997 1275
997 1274
998 1273
998 1271
999 1270
999 1269
1000 1268
1000 1267
1001 1266
1001 1264
1002 1263
1002 1260
1003 1259
1003 1254
1004 1253
1004 1248
1005 1247
1005 1225
1004 1224
1004 1216
1003 1215
1003 1210
1002 1209
1002 1204
1001 1203
1001 1198
1000 1197
1000 1195
999 1194
999 1192
998 1191
998 1189
997 1188
997 1186
996 1185
996 1182
995 1181
995 1180
994 1179
994 1177
993 1176
993 1175
992 1174
992 1173
991 1172
991 1171
990 1170
990 1168
989 1167
989 1166
988 1165
988 1164
987 1163
987 1162
986 1161
986 1160
984 1158
984 1157
983 1156
983 1155
982 1154
982 1153
980 1151
980 1150
978 1148
978 1147
976 1145
976 1144
974 1142
974 1141
971 1138
971 1137
968 1134
968 1133
966 1131
966 1130
961 1125
961 1124
957 1120
957 1119
953 1115
953 1114
945 1106
945 1105
911 1071
910 1071
909 1070
909 1069
904 1064
903 1064
896 1057
895 1057
888 1050
887 1050
882 1045
882 1044
881 1043
880 1043
873 1036
872 1036
868 1032
867 1032
861 1026
860 1026
857 1023
856 1023
850 1017
849 1017
846 1014
845 1014
841 1010
840 1010
836 1006
835 1006
832 1003
831 1003
826 998
825 998
821 994
820 994
817 991
816 991
811 986
810 986
807 983
806 983
802 979
801 979
798 976
797 976
793 972
792 972
789 969
788 969
785 966
784 966
781 963
780 963
778 961
777 961
774 958
773 958
772 957
771 957
770 956
770 955
769 955
766 952
765 952
763 950
762 950
760 948
759 948
756 945
755 945
754 944
753 944
751 942
750 942
745 937
744 937
742 935
741 935
737 931
736 931
734 929
733 929
730 926
729 926
727 924
726 924
723 921
722 921
719 918
718 918
716 916
715 916
712 913
711 913
709 911
708 911
705 908
704 908
702 906
701 906
698 903
697 903
696 902
695 902
693 900
692 900
690 898
689 898
688 897
687 897
684 894
683 894
681 892
680 892
679 891
678 891
676 889
675 889
673 887
672 887
670 885
669 885
668 884
667 884
665 882
664 882
663 881
662 881
660 879
659 879
658 878
657 878
656 877
655 877
653 875
652 875
651 874
650 874
649 873
648 873
647 872
646 872
644 870
643 870
642 869
641 869
640 868
639 868
638 867
637 867
636 866
635 866
634 865
633 865
632 864
631 864
630 863
629 863
628 862
627 862
626 861
625 861
624 860
623 860
622 859
621 859
620 858
619 858
618 857
617 857
616 856
615 856
614 855
612 855
611 854
610 854
609 853
608 853
607 852
606 852
605 851
604 851
603 850
601 850
600 849
599 849
598 848
596 848
595 847
594 847
593 846
592 846
591 845
590 845
589 844
587 844
586 843
585 843
584 842
582 842
581 841
580 841
579 840
578 840
577 839
575 839
574 838
572 838
571 837
570 837
569 836
568 836
567 835
566 835
565 834
563 834
562 833
561 833
560 832
559 832
558 831
556 831
554 829
552 829
551 828
550 828
549 827
548 827
547 826
545 826
544 825
543 825
542 824
541 824
540 823
539 823
538 822
536 822
535 821
533 821
532 820
531 820
530 819
529 819
528 818
526 818
525 817
524 817
523 816
522 816
521 815
519 815
518 814
516 814
515 813
514 813
513 812
512 812
511 811
509 811
508 810
506 810
505 809
504 809
503 808
502 808
501 807
499 807
498 806
497 806
496 805
494 805
493 804
492 804
491 803
489 803
488 802
486 802
485 801
483 801
482 800
481 800
480 799
478 799
477 798
475 798
474 797
471 797
470 796
469 796
468 795
466 795
465 794
462 794
461 793
459 793
458 792
457 792
456 791
453 791
452 790
450 790
449 789
447 789
446 788
444 788
443 787
440 787
439 786
437 786
436 785
433 785
432 784
429 784
428 783
426 783
425 782
421 782
420 781
417 781
416 780
413 780
412 779
408 779
407 778
403 778
402 777
397 777
396 776
392 776
391 775
387 775
386 774
381 774
380 773
373 773
372 772
367 772
366 771
359 771
358 770
347 770
346 769
324 769
323 768

