535 649
534 650
532 650
531 651
522 651
520 653
519 653
518 654
517 654
516 655
514 655
513 656
511 656
510 657
508 657
507 658
506 658
503 661
502 661
498 665
497 665
495 667
494 667
491 670
490 670
484 676
483 676
466 693
466 694
464 696
464 697
462 699
461 699
460 700
459 699
456 699
455 698
454 698
451 695
449 695
447 693
447 691
445 689
444 689
443 688
432 688
431 687
430 687
429 686
428 686
427 685
426 685
425 684
423 684
422 683
419 683
418 682
410 682
409 683
402 683
400 681
399 681
398 680
396 680
395 681
393 681
392 682
386 682
385 681
383 681
381 679
379 679
378 678
373 678
372 677
367 677
366 678
364 678
361 681
356 681
355 682
353 682
351 684
350 684
348 686
347 686
343 690
342 690
341 691
340 691
339 692
337 692
336 693
334 693
333 692
331 692
330 691
326 691
325 690
324 690
323 691
322 691
316 697
312 697
311 698
309 698
308 699
307 699
306 700
305 700
303 702
303 703
300 706
300 707
296 711
296 712
292 716
291 716
289 718
288 718
287 719
286 719
285 720
280 720
279 721
278 721
273 726
273 727
270 730
270 731
266 735
266 736
261 741
261 742
260 743
260 744
259 745
259 746
258 747
258 748
257 749
257 750
256 751
256 753
255 754
255 757
254 758
254 761
253 762
253 764
252 765
252 766
251 767
251 769
250 770
250 773
249 774
249 776
248 777
248 779
247 780
245 780
244 781
243 781
239 785
238 785
237 786
236 786
234 788
234 789
232 791
232 792
231 793
231 795
229 797
227 795
225 795
225 796
219 802
218 801
217 801
215 799
214 799
212 797
210 797
209 798
208 797
207 797
206 796
202 796
199 799
199 800
198 801
198 802
197 803
195 803
193 801
192 801
189 798
189 797
188 797
185 794
184 794
181 791
180 791
178 789
176 789
175 788
172 788
171 789
170 789
169 790
169 802
168 803
167 803
166 802
164 802
162 800
160 800
157 803
156 803
155 802
153 802
151 804
151 805
150 806
150 807
149 808
149 810
148 811
147 811
145 813
144 813
142 815
141 815
141 816
138 819
138 820
137 821
137 822
136 823
136 825
137 826
137 828
138 829
138 830
139 831
139 832
140 833
140 834
141 835
141 836
143 838
143 839
146 842
146 843
153 850
153 851
162 860
161 861
158 861
156 863
154 863
153 864
151 864
150 863
149 863
148 862
147 863
146 863
144 865
143 865
142 866
137 866
136 867
135 867
134 866
132 866
131 865
126 865
125 866
124 866
123 867
122 867
121 868
120 868
119 869
118 869
117 870
115 870
114 871
113 870
109 870
108 871
107 871
107 872
106 873
106 874
104 876
103 876
102 877
98 877
97 876
92 876
91 877
90 877
87 880
87 881
86 882
86 883
85 884
85 893
86 894
84 896
83 896
82 895
82 894
75 894
74 893
72 893
71 894
70 894
68 896
68 898
66 900
63 900
61 902
61 905
62 906
61 907
61 910
60 911
60 912
59 913
59 915
58 916
58 917
57 918
57 919
56 920
56 923
55 924
55 927
54 928
54 929
53 930
53 931
52 932
52 933
51 934
51 940
50 941
50 943
49 944
49 945
47 947
47 955
48 956
48 968
49 969
49 971
50 972
50 973
51 974
51 975
52 976
52 978
53 979
53 980
54 981
54 982
55 983
55 984
56 985
56 986
57 987
57 988
58 989
58 990
59 991
59 992
60 993
60 994
62 996
62 997
63 998
63 999
64 1000
64 1001
65 1002
65 1003
66 1004
66 1005
68 1007
68 1008
70 1010
70 1011
72 1013
72 1014
74 1016
74 1017
77 1020
77 1021
80 1024
80 1025
86 1031
86 1032
107 1053
108 1053
117 1062
118 1062
123 1067
124 1067
129 1072
130 1072
134 1076
135 1076
137 1078
139 1078
140 1079
139 1080
137 1080
133 1084
133 1091
134 1092
134 1093
142 1101
140 1103
139 1103
139 1104
138 1105
137 1105
137 1106
136 1107
135 1107
129 1113
129 1114
127 1116
127 1117
126 1118
126 1123
131 1128
132 1128
134 1130
135 1130
137 1132
138 1132
139 1133
140 1133
141 1134
142 1134
143 1135
144 1135
145 1136
147 1136
148 1137
150 1137
151 1138
152 1138
153 1139
166 1139
167 1138
169 1138
170 1137
172 1137
173 1136
175 1138
176 1138
177 1139
178 1139
181 1142
182 1142
183 1143
184 1143
186 1145
187 1145
188 1146
189 1146
191 1148
192 1148
194 1150
195 1150
197 1152
198 1152
199 1153
200 1153
202 1155
203 1155
204 1156
205 1156
207 1158
208 1158
209 1159
210 1159
212 1161
213 1161
214 1162
213 1163
212 1163
211 1164
207 1164
206 1165
201 1165
200 1166
198 1166
197 1167
195 1167
194 1168
193 1168
192 1169
190 1169
189 1170
188 1170
187 1171
186 1171
185 1172
184 1172
183 1173
182 1173
180 1175
179 1175
178 1176
177 1176
173 1180
172 1180
170 1182
169 1182
167 1184
165 1184
164 1185
163 1185
162 1186
160 1186
159 1187
158 1187
157 1188
156 1188
155 1189
154 1189
153 1190
152 1190
151 1191
150 1191
149 1192
148 1192
147 1193
146 1193
145 1194
144 1194
143 1195
142 1195
141 1196
140 1196
139 1197
138 1197
136 1199
135 1199
134 1200
133 1200
132 1201
131 1201
130 1202
129 1202
128 1203
127 1203
126 1204
125 1204
123 1206
122 1206
121 1207
120 1207
118 1209
117 1209
115 1211
114 1211
111 1214
110 1214
107 1217
106 1217
101 1222
101 1223
100 1224
100 1225
99 1226
99 1234
100 1235
100 1237
99 1238
99 1244
100 1245
100 1248
102 1250
102 1251
107 1256
108 1256
109 1257
111 1257
112 1258
115 1258
116 1259
120 1259
121 1260
124 1260
125 1261
130 1261
131 1262
134 1262
135 1263
132 1266
132 1267
130 1269
130 1270
129 1271
129 1273
128 1274
128 1277
132 1281
133 1281
137 1285
138 1285
140 1287
141 1287
143 1289
144 1289
146 1291
147 1291
148 1292
149 1292
150 1293
151 1293
153 1295
154 1295
155 1296
156 1296
158 1298
159 1298
160 1299
161 1299
162 1300
163 1300
164 1301
165 1301
166 1302
167 1302
169 1304
170 1304
171 1305
172 1305
173 1306
174 1306
175 1307
176 1307
177 1308
178 1308
179 1309
180 1309
182 1311
183 1311
184 1312
185 1312
187 1314
188 1314
190 1316
191 1316
192 1317
193 1317
194 1318
195 1318
196 1319
197 1319
199 1321
200 1321
201 1322
202 1322
203 1323
204 1323
206 1325
207 1325
208 1326
209 1326
211 1328
212 1328
213 1329
214 1329
216 1331
217 1331
219 1333
220 1333
221 1334
222 1334
223 1335
224 1335
226 1337
227 1337
229 1339
230 1339
231 1340
232 1340
233 1341
234 1341
235 1342
236 1342
238 1344
239 1344
240 1345
241 1345
242 1346
243 1346
244 1347
245 1347
246 1348
247 1348
248 1349
249 1349
250 1350
252 1350
253 1351
254 1351
255 1352
257 1352
258 1353
259 1353
260 1354
263 1354
264 1355
265 1355
266 1356
269 1356
270 1357
272 1357
273 1358
276 1358
277 1359
281 1359
282 1360
285 1360
286 1361
291 1361
292 1362
296 1362
297 1363
300 1363
301 1364
302 1364
303 1363
304 1364
308 1364
309 1365
314 1365
315 1366
333 1366
334 1367
339 1367
340 1366
356 1366
357 1365
362 1365
363 1364
367 1364
368 1363
369 1364
370 1364
371 1363
374 1363
375 1362
378 1362
379 1361
382 1361
383 1360
385 1360
386 1359
388 1359
389 1358
390 1358
391 1357
393 1357
394 1356
396 1356
397 1355
398 1355
399 1354
400 1354
401 1353
402 1353
403 1352
404 1352
405 1351
406 1351
407 1350
408 1350
409 1349
410 1349
411 1348
412 1348
413 1347
414 1347
416 1345
417 1345
418 1344
419 1344
420 1343
423 1343
424 1344
425 1344
426 1345
427 1345
428 1346
429 1346
432 1349
433 1349
450 1366
450 1367
458 1375
458 1376
464 1382
464 1383
466 1385
466 1386
467 1387
467 1388
470 1391
470 1392
472 1394
472 1395
474 1397
474 1398
480 1404
480 1405
479 1406
479 1416
478 1417
478 1430
477 1431
477 1439
476 1440
476 1448
475 1449
475 1459
474 1460
474 1467
473 1468
473 1475
472 1476
472 1484
471 1485
471 1491
470 1492
470 1499
469 1500
469 1508
468 1509
468 1514
467 1515
467 1520
466 1521
466 1529
465 1530
465 1536
464 1537
464 1541
463 1542
463 1549
462 1550
462 1555
461 1556
461 1562
460 1563
460 1570
459 1571
459 1576
458 1577
458 1582
457 1583
457 1592
456 1593
456 1599
455 1600
455 1606
454 1607
454 1614
453 1615
453 1622
452 1623
452 1629
451 1630
451 1639
450 1640
450 1649
449 1650
449 1660
448 1661
448 1673
447 1674
447 1687
446 1688
446 1704
445 1705
445 1795
446 1796
446 1812
447 1813
447 1826
448 1827
448 1837
449 1838
449 1847
450 1848
450 1856
451 1857
451 1865
452 1866
452 1872
453 1873
453 1879
454 1880
454 1887
455 1888
455 1893
456 1894
456 1899
457 1900
457 1905
458 1906
458 1911
459 1912
459 1917
460 1918
460 1922
461 1923
461 1928
462 1929
462 1933
463 1934
463 1938
464 1939
464 1943
465 1944
465 1947
466 1948
466 1953
467 1954
467 1957
468 1958
468 1961
469 1962
469 1966
470 1967
470 1970
471 1971
471 1975
472 1976
472 1979
473 1980
473 1982
474 1983
474 1986
475 1987
475 1990
476 1991
476 1994
477 1995
477 1997
478 1998
478 2000
477 2001
476 2000
476 1999
474 1997
474 1996
472 1994
472 1993
470 1991
470 1990
467 1987
467 1986
463 1982
463 1981
458 1976
458 1975
454 1971
454 1970
450 1966
450 1965
445 1960
445 1959
438 1952
438 1951
432 1945
431 1945
425 1939
424 1939
421 1936
420 1936
418 1934
417 1934
416 1933
415 1933
413 1931
412 1931
410 1929
409 1929
408 1928
407 1928
406 1927
405 1927
404 1926
403 1926
402 1925
401 1925
400 1924
399 1924
398 1923
397 1923
396 1922
394 1922
393 1921
391 1921
390 1920
389 1920
388 1919
386 1919
385 1918
383 1918
382 1917
380 1917
379 1916
377 1916
376 1915
373 1915
372 1914
369 1914
368 1913
366 1913
365 1912
362 1912
361 1911
359 1911
358 1910
354 1910
353 1909
346 1909
345 1908
336 1908
335 1907
300 1907
299 1908
294 1908
293 1909
289 1909
288 1910
284 1910
283 1911
280 1911
279 1912
276 1912
275 1913
273 1913
272 1914
269 1914
268 1915
265 1915
264 1916
263 1916
262 1917
257 1917
256 1918
256 1919
258 1921
259 1921
263 1925
264 1925
267 1928
268 1928
269 1929
270 1929
271 1930
272 1930
275 1933
276 1933
283 1940
283 1941
290 1948
290 1949
291 1949
293 1951
293 1952
295 1954
296 1954
297 1955
297 1956
306 1965
307 1965
313 1971
314 1971
316 1973
317 1973
319 1975
320 1975
322 1977
323 1977
324 1978
325 1978
326 1979
327 1979
328 1980
329 1980
330 1981
331 1981
332 1982
333 1982
334 1983
335 1983
336 1984
337 1984
338 1985
340 1985
341 1986
342 1986
343 1987
344 1987
345 1988
347 1988
348 1989
349 1989
350 1990
352 1990
353 1991
354 1991
355 1992
356 1992
357 1993
358 1993
359 1994
360 1994
361 1995
362 1995
363 1996
364 1996
365 1997
366 1997
367 1998
368 1998
369 1999
370 1999
371 2000
372 2000
374 2002
375 2002
376 2003
377 2003
379 2005
380 2005
381 2006
382 2006
383 2007
384 2007
386 2009
387 2009
389 2011
390 2011
391 2012
392 2012
394 2014
395 2014
398 2017
399 2017
402 2020
403 2020
408 2025
409 2025
415 2031
416 2031
423 2038
424 2038
427 2041
428 2041
430 2043
431 2043
433 2045
434 2045
435 2046
437 2046
438 2047
439 2047
440 2048
442 2048
443 2049
445 2049
446 2050
450 2050
451 2051
454 2051
455 2052
461 2052
462 2053
467 2053
468 2054
471 2054
473 2056
473 2059
472 2060
472 2066
473 2067
473 2072
474 2073
474 2076
475 2077
475 2080
476 2081
476 2082
477 2083
477 2085
478 2086
478 2087
479 2088
479 2089
480 2090
480 2091
481 2092
481 2093
482 2094
482 2095
483 2096
483 2097
484 2098
484 2099
486 2101
486 2102
496 2112
496 2113
497 2114
497 2115
496 2116
492 2112
491 2112
488 2109
487 2109
482 2104
482 2103
479 2100
479 2099
477 2097
477 2096
476 2095
476 2094
474 2092
474 2091
473 2090
473 2089
472 2088
472 2086
471 2085
471 2083
470 2082
470 2080
469 2079
469 2075
468 2074
468 2072
467 2071
467 2069
466 2068
466 2067
460 2061
459 2061
458 2060
457 2060
456 2059
455 2059
454 2058
452 2058
451 2057
450 2057
449 2056
447 2056
446 2055
444 2055
443 2054
440 2054
439 2053
431 2053
430 2052
425 2052
424 2051
421 2051
420 2050
417 2050
416 2049
406 2049
405 2050
402 2050
401 2051
399 2051
398 2052
396 2052
395 2053
394 2053
393 2054
391 2054
390 2055
389 2055
388 2056
387 2056
386 2057
384 2057
383 2058
380 2058
379 2059
377 2059
376 2060
375 2060
373 2058
372 2058
371 2057
358 2057
357 2056
354 2056
353 2055
347 2055
346 2054
334 2054
333 2053
318 2053
317 2052
315 2052
314 2051
311 2051
310 2050
307 2050
306 2049
298 2049
297 2048
284 2048
283 2049
276 2049
275 2050
271 2050
270 2051
267 2051
266 2052
264 2052
263 2053
260 2053
259 2054
255 2054
254 2055
251 2055
250 2056
246 2056
245 2057
242 2057
241 2058
238 2058
237 2059
235 2059
234 2060
232 2060
231 2061
229 2061
228 2062
226 2062
225 2063
223 2063
222 2064
221 2064
220 2065
219 2065
218 2066
216 2066
215 2067
214 2067
213 2068
212 2068
211 2069
210 2069
208 2071
207 2071
206 2072
205 2072
203 2074
202 2074
200 2076
199 2076
194 2081
193 2081
189 2085
188 2085
186 2087
185 2087
182 2090
181 2090
179 2092
178 2092
176 2094
175 2094
172 2097
171 2097
168 2100
167 2100
162 2105
161 2105
157 2109
157 2110
155 2112
155 2113
153 2115
153 2116
151 2118
151 2119
149 2121
149 2122
148 2123
148 2124
147 2125
147 2126
145 2128
145 2129
144 2130
144 2131
142 2133
142 2134
141 2135
141 2136
139 2138
139 2139
137 2141
137 2142
135 2144
135 2145
133 2147
133 2148
131 2150
131 2151
130 2152
130 2153
129 2154
129 2155
128 2156
128 2157
127 2158
127 2159
126 2160
126 2161
125 2162
125 2163
123 2165
123 2167
122 2168
122 2169
121 2170
121 2171
120 2172
120 2173
119 2174
119 2176
118 2177
118 2181
117 2182
117 2189
118 2190
119 2190
120 2191
124 2191
125 2192
126 2192
127 2191
130 2191
131 2190
133 2190
134 2189
135 2189
136 2188
137 2188
138 2187
139 2187
140 2186
141 2186
142 2185
143 2185
144 2184
145 2184
146 2183
147 2183
148 2182
149 2182
150 2181
151 2181
152 2180
154 2180
156 2178
157 2178
158 2177
160 2177
161 2176
162 2176
164 2174
165 2174
166 2173
167 2173
168 2172
169 2172
170 2171
171 2171
172 2170
173 2170
175 2168
176 2168
177 2167
178 2167
180 2165
181 2165
183 2163
184 2163
186 2161
187 2161
188 2160
189 2160
191 2158
192 2158
194 2156
195 2156
197 2154
198 2154
199 2153
200 2153
201 2152
202 2152
203 2151
204 2151
206 2149
208 2149
209 2148
210 2148
212 2146
213 2146
214 2145
216 2145
217 2144
218 2144
219 2143
220 2143
221 2142
222 2142
223 2141
225 2141
226 2140
227 2140
228 2139
230 2139
231 2138
234 2138
235 2137
238 2137
239 2136
243 2136
244 2135
248 2135
249 2134
254 2134
255 2133
263 2133
264 2132
269 2132
270 2131
275 2131
276 2130
280 2130
281 2129
283 2129
284 2128
286 2128
287 2127
289 2127
290 2126
292 2126
293 2125
296 2125
297 2124
299 2124
300 2123
301 2123
302 2122
304 2122
305 2121
306 2121
307 2120
308 2120
309 2119
310 2119
311 2118
312 2118
313 2117
314 2117
315 2116
316 2116
317 2115
318 2115
320 2113
321 2113
323 2111
324 2111
326 2109
327 2109
330 2106
331 2106
333 2104
334 2104
337 2101
338 2101
340 2099
341 2099
343 2097
344 2097
345 2096
346 2096
348 2094
349 2094
351 2092
352 2092
355 2089
356 2089
357 2088
358 2088
361 2085
362 2085
365 2082
366 2082
368 2080
369 2081
371 2081
372 2082
374 2082
375 2083
377 2083
378 2084
382 2084
383 2085
385 2085
386 2086
389 2086
390 2087
393 2087
394 2088
396 2088
397 2089
400 2089
401 2090
403 2090
404 2091
405 2091
406 2092
408 2092
409 2093
412 2093
413 2094
414 2094
415 2095
416 2095
417 2096
419 2096
420 2097
421 2097
422 2098
423 2098
424 2099
426 2099
427 2100
428 2100
429 2101
430 2101
431 2102
432 2102
433 2103
434 2103
435 2104
436 2104
437 2105
438 2105
439 2106
440 2106
441 2107
442 2107
443 2108
444 2108
445 2109
446 2109
447 2110
448 2110
449 2111
450 2111
451 2112
452 2112
454 2114
455 2114
456 2115
457 2115
458 2116
459 2116
461 2118
462 2118
463 2119
464 2119
466 2121
467 2121
469 2123
470 2123
474 2127
475 2127
478 2130
479 2130
483 2134
484 2134
497 2147
497 2148
501 2152
501 2153
503 2155
503 2156
505 2158
505 2159
506 2160
506 2161
507 2162
507 2164
508 2165
508 2166
509 2167
509 2169
510 2170
510 2173
511 2174
511 2176
512 2177
512 2181
513 2182
513 2187
514 2188
514 2193
515 2194
515 2197
516 2198
516 2202
517 2203
517 2206
518 2207
518 2211
519 2212
519 2215
520 2216
520 2219
521 2220
521 2223
522 2224
522 2228
523 2229
523 2232
524 2233
524 2237
525 2238
525 2243
526 2244
526 2248
527 2249
527 2253
528 2254
528 2260
529 2261
529 2267
530 2268
530 2269
531 2270
531 2271
532 2272
532 2273
533 2274
533 2283
534 2284
534 2297
535 2298
535 2305
536 2306
536 2316
537 2317
537 2329
538 2330
538 2348
539 2349
539 2374
540 2375
540 2398
541 2399
575 2399
575 2377
574 2376
574 2353
573 2352
573 2331
572 2330
572 2321
571 2320
571 2306
570 2305
570 2292
569 2291
569 2277
568 2276
568 2265
567 2264
567 2257
566 2256
566 2249
565 2248
565 2241
564 2240
564 2235
563 2234
563 2230
562 2229
562 2223
561 2222
561 2218
560 2217
560 2213
559 2212
559 2208
558 2207
558 2203
557 2202
557 2201
558 2200
558 2198
559 2197
559 2195
560 2194
560 2191
561 2190
561 2188
562 2187
562 2184
563 2183
563 2181
564 2180
564 2177
565 2176
565 2172
566 2171
566 2168
567 2167
567 2164
568 2163
568 2160
569 2159
569 2156
570 2155
570 2152
571 2151
571 2149
572 2148
572 2146
573 2145
573 2142
574 2141
574 2138
575 2137
575 2134
576 2133
576 2130
577 2129
577 2125
578 2124
578 2120
579 2119
579 2116
580 2115
580 2112
581 2111
581 2108
582 2107
582 2104
583 2103
583 2100
584 2099
584 2095
585 2094
585 2091
586 2090
586 2087
587 2086
587 2084
588 2083
588 2081
589 2080
589 2078
590 2077
590 2076
591 2075
591 2074
593 2072
593 2071
594 2070
594 2069
598 2065
598 2064
602 2060
603 2060
607 2056
608 2056
610 2054
611 2054
613 2052
614 2052
616 2050
617 2050
618 2049
619 2049
620 2048
621 2048
623 2046
624 2046
625 2045
626 2045
627 2044
628 2044
629 2043
630 2043
631 2042
632 2042
633 2041
634 2041
635 2040
636 2040
637 2039
639 2039
640 2038
641 2038
642 2037
643 2037
644 2036
646 2036
647 2035
648 2035
649 2034
650 2034
651 2033
653 2033
654 2032
655 2032
656 2031
658 2031
659 2030
661 2030
662 2029
664 2029
665 2028
666 2028
667 2027
669 2027
670 2026
672 2026
673 2025
675 2025
676 2024
678 2024
679 2023
681 2023
682 2022
685 2022
686 2021
688 2021
689 2020
691 2020
692 2019
694 2019
695 2018
698 2018
699 2017
701 2017
702 2016
705 2016
706 2015
708 2015
709 2014
711 2014
712 2013
715 2013
716 2012
719 2012
720 2011
722 2011
723 2010
725 2010
726 2009
729 2009
730 2008
733 2008
734 2007
736 2007
737 2006
739 2006
740 2005
742 2005
743 2004
745 2004
746 2003
748 2003
749 2002
751 2002
752 2001
753 2001
754 2000
756 2000
757 1999
758 1999
759 1998
762 1998
763 1997
764 1997
765 1996
767 1996
768 1995
770 1995
771 1994
773 1994
774 1993
776 1993
777 1992
778 1992
779 1991
781 1991
782 1990
784 1990
785 1989
787 1989
788 1988
790 1988
791 1987
793 1987
794 1986
795 1986
796 1985
798 1985
799 1984
801 1984
802 1983
804 1983
805 1982
807 1982
808 1981
810 1981
811 1980
812 1980
813 1979
815 1979
816 1978
817 1978
818 1977
820 1977
821 1976
822 1976
823 1975
824 1975
825 1974
827 1974
828 1973
829 1973
830 1972
831 1972
832 1971
833 1971
834 1970
835 1970
836 1969
838 1969
839 1968
840 1968
841 1967
842 1967
843 1966
844 1966
845 1965
846 1965
847 1964
849 1964
851 1962
852 1962
853 1961
854 1961
855 1960
856 1960
857 1959
858 1959
859 1958
860 1958
862 1956
863 1956
864 1955
865 1955
866 1954
867 1954
868 1953
869 1953
871 1951
872 1951
873 1950
874 1950
875 1949
876 1949
878 1947
879 1947
880 1946
881 1946
883 1944
884 1944
886 1942
887 1942
888 1941
889 1941
891 1939
892 1939
893 1938
900 1938
901 1937
909 1937
910 1936
916 1936
917 1935
925 1935
926 1934
933 1934
934 1933
940 1933
941 1932
946 1932
947 1931
952 1931
953 1930
960 1930
961 1929
966 1929
967 1928
970 1928
971 1927
974 1927
975 1926
978 1926
979 1925
982 1925
983 1924
984 1924
985 1923
987 1923
988 1922
990 1922
991 1921
992 1921
993 1920
994 1920
995 1919
997 1919
999 1917
1001 1917
1003 1915
1004 1915
1005 1914
1006 1914
1007 1913
1008 1913
1009 1912
1010 1912
1012 1910
1013 1910
1014 1909
1015 1909
1016 1908
1017 1908
1018 1907
1019 1907
1020 1906
1021 1906
1022 1905
1024 1905
1025 1904
1026 1904
1027 1903
1028 1903
1035 1896
1035 1895
1034 1894
1034 1893
1033 1892
1032 1892
1031 1891
1030 1891
1029 1890
1028 1890
1027 1889
1021 1889
1020 1888
1011 1888
1010 1887
995 1887
994 1888
993 1887
992 1887
991 1888
989 1888
988 1887
978 1887
977 1886
975 1886
974 1885
973 1885
972 1884
971 1884
970 1883
969 1883
968 1882
966 1882
965 1881
964 1881
963 1880
962 1880
961 1879
959 1879
958 1878
956 1878
955 1877
953 1877
952 1876
950 1876
949 1875
947 1875
946 1874
944 1874
943 1873
941 1873
940 1872
938 1872
937 1871
935 1871
934 1870
931 1870
930 1869
928 1869
927 1868
924 1868
923 1867
920 1867
919 1866
916 1866
915 1865
910 1865
909 1864
903 1864
902 1863
886 1863
885 1864
881 1864
880 1865
877 1865
876 1866
873 1866
872 1867
869 1867
868 1868
863 1868
862 1869
854 1869
853 1870
847 1870
846 1871
844 1871
843 1872
841 1872
840 1873
837 1873
836 1874
835 1874
834 1875
832 1875
831 1876
830 1876
829 1877
828 1877
827 1878
826 1878
825 1879
824 1879
823 1880
822 1880
821 1881
820 1881
819 1882
817 1882
816 1883
814 1883
813 1884
812 1884
811 1885
809 1885
808 1886
805 1886
804 1887
802 1887
801 1888
798 1888
797 1889
794 1889
793 1890
791 1890
790 1891
788 1891
787 1892
785 1892
784 1893
781 1893
780 1894
778 1894
777 1895
775 1895
774 1896
773 1896
772 1897
770 1897
769 1898
768 1898
767 1899
765 1899
764 1900
763 1900
762 1901
761 1901
760 1902
758 1902
756 1904
755 1904
754 1905
753 1905
752 1906
751 1906
750 1907
749 1907
748 1908
747 1908
746 1909
745 1909
744 1910
743 1910
742 1911
741 1911
739 1913
738 1913
736 1915
735 1915
734 1916
733 1916
731 1918
730 1918
728 1920
727 1920
725 1922
724 1922
722 1924
721 1924
719 1926
718 1926
714 1930
713 1930
708 1935
707 1935
700 1942
699 1942
687 1954
686 1954
685 1955
685 1956
684 1957
683 1957
670 1970
669 1970
659 1980
658 1980
657 1981
655 1981
654 1982
653 1982
652 1983
650 1983
649 1984
647 1984
646 1983
646 1982
649 1979
649 1978
651 1976
651 1975
653 1973
653 1972
656 1969
656 1968
658 1966
658 1965
661 1962
661 1961
664 1958
664 1957
666 1955
666 1954
670 1950
670 1949
675 1944
675 1943
686 1932
686 1931
705 1912
705 1911
708 1908
708 1907
711 1904
711 1903
713 1901
713 1900
714 1899
714 1898
715 1897
715 1896
717 1894
717 1893
718 1892
718 1891
719 1890
719 1889
721 1887
721 1886
722 1885
722 1884
724 1882
724 1881
726 1879
726 1878
728 1876
728 1875
731 1872
731 1871
736 1866
736 1865
742 1859
742 1858
760 1840
761 1840
771 1830
772 1830
780 1822
781 1822
790 1813
791 1813
795 1809
796 1809
812 1793
813 1793
822 1784
822 1783
826 1779
826 1778
829 1775
829 1774
834 1769
834 1768
838 1764
838 1763
841 1760
841 1759
843 1757
843 1756
845 1754
845 1753
848 1750
848 1749
851 1746
851 1745
854 1742
854 1741
857 1738
857 1737
860 1734
860 1733
862 1731
862 1730
864 1728
864 1727
865 1726
865 1725
867 1723
867 1722
869 1720
869 1719
870 1718
870 1717
873 1714
873 1713
875 1711
875 1710
880 1705
880 1704
882 1702
882 1701
884 1699
884 1698
886 1696
886 1695
887 1694
887 1693
888 1692
888 1691
889 1690
889 1689
890 1688
890 1687
891 1686
891 1685
892 1684
892 1683
893 1682
893 1681
894 1680
894 1677
895 1676
895 1675
896 1674
896 1672
897 1671
897 1670
898 1669
898 1668
900 1666
900 1665
902 1663
902 1662
906 1658
906 1657
907 1656
907 1651
904 1651
903 1650
900 1650
899 1651
892 1651
891 1652
886 1652
885 1653
881 1653
880 1654
877 1654
876 1655
873 1655
872 1656
870 1656
869 1657
865 1657
864 1658
862 1658
861 1659
859 1659
858 1660
856 1660
855 1661
853 1661
852 1662
851 1662
850 1663
849 1663
848 1664
846 1664
844 1666
843 1666
842 1667
841 1667
840 1668
838 1668
837 1669
836 1669
835 1670
833 1670
832 1671
831 1671
830 1672
829 1672
828 1673
826 1673
825 1674
824 1674
823 1675
822 1675
821 1676
820 1676
819 1677
818 1677
817 1678
816 1678
815 1679
814 1679
813 1680
812 1680
811 1681
810 1681
808 1683
807 1683
806 1684
805 1684
804 1685
803 1685
802 1686
801 1686
800 1687
799 1687
797 1689
796 1689
795 1690
794 1690
793 1691
792 1691
791 1692
790 1692
788 1694
787 1694
786 1695
785 1695
784 1696
783 1696
781 1698
780 1698
779 1699
778 1699
776 1701
774 1701
772 1703
771 1703
770 1704
769 1704
768 1705
767 1705
766 1706
765 1706
764 1707
763 1707
762 1708
761 1708
760 1709
759 1709
758 1710
757 1710
755 1712
754 1712
752 1714
751 1714
750 1715
749 1715
747 1717
746 1717
744 1719
743 1719
742 1720
741 1720
739 1722
738 1722
736 1724
735 1724
733 1726
732 1726
731 1727
730 1727
727 1730
726 1730
724 1732
723 1732
720 1735
719 1735
716 1738
715 1738
712 1741
711 1741
707 1745
706 1745
686 1765
686 1766
681 1771
681 1772
678 1775
678 1776
674 1780
674 1781
671 1784
671 1785
669 1787
669 1788
667 1790
667 1791
666 1792
666 1793
665 1794
665 1795
663 1797
663 1798
662 1799
662 1800
661 1801
661 1802
660 1803
660 1804
659 1805
659 1806
658 1807
658 1808
657 1809
657 1810
656 1811
656 1812
655 1813
655 1814
654 1815
654 1816
653 1817
653 1819
652 1820
652 1821
651 1822
651 1823
650 1824
650 1825
649 1826
649 1828
647 1830
647 1832
646 1833
646 1834
645 1835
645 1836
644 1837
644 1838
643 1839
643 1841
642 1842
642 1843
641 1844
641 1845
640 1846
640 1847
639 1848
639 1849
637 1851
637 1852
636 1853
636 1854
635 1855
635 1856
634 1857
634 1858
633 1859
633 1860
631 1862
631 1863
630 1864
630 1865
629 1866
629 1868
628 1869
628 1870
627 1871
627 1872
626 1873
626 1874
625 1875
625 1877
624 1878
624 1880
623 1881
623 1883
622 1884
622 1886
621 1887
621 1889
620 1890
620 1893
619 1894
619 1898
618 1899
618 1903
617 1904
617 1909
616 1910
616 1918
615 1919
615 1993
614 1994
614 2001
613 2002
613 2007
612 2008
612 2009
599 2022
599 2023
593 2029
592 2029
591 2028
591 2016
592 2015
592 2009
593 2008
593 2001
594 2000
594 1995
595 1994
595 1989
596 1988
596 1982
597 1981
597 1975
598 1974
598 1965
599 1964
599 1955
600 1954
600 1941
601 1940
601 1904
600 1903
600 1894
599 1893
599 1888
598 1887
598 1884
597 1883
597 1880
596 1879
596 1877
595 1876
595 1874
594 1873
594 1871
593 1870
593 1868
592 1867
592 1866
591 1865
591 1863
590 1862
590 1860
589 1859
589 1858
588 1857
588 1855
587 1854
587 1853
586 1852
586 1851
585 1850
585 1849
584 1848
584 1847
583 1846
583 1845
582 1844
582 1843
581 1842
581 1841
579 1839
579 1838
578 1837
578 1836
577 1835
577 1834
576 1833
576 1832
574 1830
574 1829
573 1828
573 1827
572 1826
572 1825
571 1824
571 1823
569 1821
569 1820
568 1819
568 1818
566 1816
566 1815
565 1814
565 1813
563 1811
563 1810
561 1808
561 1807
559 1805
559 1804
558 1803
558 1802
556 1800
556 1799
554 1797
554 1796
551 1793
551 1792
548 1789
548 1788
545 1785
545 1784
542 1781
542 1780
538 1776
538 1775
535 1772
535 1771
532 1768
532 1767
529 1764
529 1763
526 1760
526 1759
523 1756
523 1755
521 1753
521 1752
515 1746
514 1746
505 1737
504 1737
502 1735
498 1735
497 1736
497 1737
496 1738
496 1739
495 1740
495 1745
494 1746
494 1756
493 1757
493 1771
492 1772
492 1812
493 1813
493 1825
494 1826
494 1833
495 1834
495 1840
496 1841
496 1846
497 1847
497 1852
498 1853
498 1857
499 1858
499 1861
500 1862
500 1865
501 1866
501 1869
502 1870
502 1873
503 1874
503 1877
504 1878
504 1880
505 1881
505 1883
506 1884
506 1887
507 1888
507 1890
508 1891
508 1892
509 1893
509 1895
510 1896
510 1898
511 1899
511 1901
512 1902
512 1904
513 1905
513 1906
514 1907
514 1909
515 1910
515 1912
516 1913
516 1914
517 1915
517 1916
518 1917
518 1919
519 1920
519 1921
520 1922
520 1923
521 1924
521 1926
522 1927
522 1928
523 1929
523 1930
524 1931
524 1933
525 1934
525 1935
526 1936
526 1937
527 1938
527 1940
528 1941
528 1942
529 1943
529 1944
530 1945
530 1947
531 1948
531 1949
532 1950
532 1951
533 1952
533 1954
534 1955
534 1956
535 1957
535 1959
536 1960
536 1961
537 1962
537 1963
538 1964
538 1965
539 1966
539 1968
540 1969
540 1970
541 1971
541 1973
542 1974
542 1975
543 1976
543 1978
544 1979
544 1980
545 1981
545 1982
546 1983
546 1985
547 1986
547 1987
548 1988
548 1989
549 1990
549 1992
550 1993
550 1994
551 1995
551 1997
552 1998
552 1999
553 2000
553 2002
554 2003
554 2004
555 2005
555 2007
556 2008
556 2009
557 2010
557 2011
558 2012
558 2014
559 2015
559 2016
560 2017
560 2018
561 2019
561 2021
562 2022
562 2024
563 2025
563 2026
564 2027
564 2028
565 2029
565 2030
566 2031
566 2032
565 2033
564 2032
563 2032
562 2033
561 2033
559 2035
558 2035
557 2036
557 2037
554 2040
554 2041
553 2042
552 2041
551 2041
550 2040
547 2040
546 2039
543 2039
542 2038
538 2038
537 2037
531 2037
530 2036
522 2036
521 2035
514 2035
513 2034
513 2031
512 2030
512 2028
511 2027
511 2023
510 2022
510 2020
509 2019
509 2016
508 2015
508 2012
507 2011
507 2008
506 2007
506 2005
505 2004
505 1999
504 1998
504 1996
503 1995
503 1992
502 1991
502 1987
501 1986
501 1983
500 1982
500 1979
499 1978
499 1974
498 1973
498 1969
497 1968
497 1964
496 1963
496 1959
495 1958
495 1954
494 1953
494 1949
493 1948
493 1943
492 1942
492 1938
491 1937
491 1933
490 1932
490 1926
489 1925
489 1920
488 1919
488 1913
487 1912
487 1906
486 1905
486 1898
485 1897
485 1888
484 1887
484 1880
483 1879
483 1871
482 1870
482 1858
481 1857
481 1843
480 1842
480 1828
479 1827
479 1811
478 1810
478 1727
479 1726
479 1725
478 1724
478 1723
479 1722
479 1703
480 1702
480 1687
481 1686
481 1673
482 1672
482 1660
483 1659
483 1651
484 1650
484 1643
485 1642
485 1632
486 1631
486 1624
487 1623
487 1615
488 1614
488 1608
489 1607
489 1601
490 1600
490 1592
491 1591
491 1586
492 1585
492 1579
493 1578
493 1571
494 1570
494 1565
495 1564
495 1558
496 1557
496 1551
497 1550
497 1544
498 1543
498 1536
499 1535
499 1529
500 1528
500 1522
501 1521
501 1514
502 1513
502 1506
503 1505
503 1498
504 1497
504 1489
505 1488
505 1479
506 1478
506 1468
507 1467
507 1460
508 1459
508 1456
509 1455
514 1460
515 1460
518 1463
518 1465
519 1466
519 1468
520 1469
520 1472
521 1473
521 1477
522 1478
522 1480
523 1481
523 1482
524 1483
524 1486
525 1487
525 1492
526 1493
526 1498
527 1499
527 1502
528 1503
528 1505
529 1506
529 1510
530 1511
530 1513
531 1514
531 1516
532 1517
532 1520
533 1521
533 1523
534 1524
534 1526
535 1527
535 1528
536 1529
536 1530
538 1532
538 1533
540 1535
540 1536
546 1542
547 1542
549 1544
550 1544
553 1547
553 1548
561 1556
561 1557
563 1559
563 1560
564 1561
564 1562
565 1563
565 1566
566 1567
566 1569
567 1570
567 1571
568 1572
568 1573
570 1575
570 1576
575 1581
576 1581
578 1583
579 1583
581 1585
582 1585
583 1586
585 1586
586 1587
587 1587
589 1589
590 1589
591 1590
592 1590
593 1591
593 1592
597 1596
597 1597
601 1601
602 1601
603 1602
604 1602
605 1603
609 1603
610 1604
611 1604
612 1603
614 1603
615 1602
617 1602
618 1601
619 1601
620 1600
623 1600
624 1601
625 1601
628 1604
628 1605
630 1607
630 1608
632 1610
632 1611
638 1617
644 1617
646 1615
647 1615
648 1614
649 1614
652 1611
660 1611
661 1610
668 1610
669 1609
679 1609
680 1610
682 1610
683 1611
684 1611
685 1612
686 1612
687 1613
689 1613
690 1614
695 1614
696 1613
697 1613
699 1611
700 1611
703 1608
704 1608
705 1607
708 1607
709 1608
714 1608
715 1607
724 1607
725 1608
726 1608
727 1607
728 1607
729 1606
730 1606
731 1605
732 1605
733 1604
734 1604
734 1603
735 1602
736 1602
736 1601
737 1600
737 1599
738 1598
738 1597
739 1596
739 1595
740 1594
740 1592
741 1591
741 1589
742 1588
742 1586
743 1585
743 1583
744 1582
744 1581
745 1580
745 1577
746 1576
746 1574
747 1573
749 1573
750 1572
754 1572
755 1571
760 1571
761 1572
763 1572
764 1573
765 1573
766 1574
771 1574
772 1573
773 1573
775 1571
776 1571
780 1567
781 1567
782 1566
784 1566
785 1565
788 1565
789 1566
795 1566
796 1565
797 1565
798 1564
798 1563
799 1562
800 1562
802 1560
803 1560
805 1558
806 1558
807 1557
808 1557
812 1553
820 1553
826 1547
827 1547
828 1546
829 1546
833 1542
833 1541
835 1539
835 1538
837 1536
837 1535
840 1532
841 1532
842 1531
842 1530
845 1527
845 1526
846 1525
846 1524
847 1523
847 1522
848 1521
848 1517
849 1516
849 1514
851 1512
851 1511
852 1510
852 1505
853 1504
853 1492
854 1491
854 1485
853 1484
853 1474
854 1473
854 1469
853 1468
853 1463
852 1462
852 1459
851 1458
851 1455
850 1454
850 1453
849 1452
849 1451
848 1450
848 1449
847 1448
847 1447
846 1446
846 1445
845 1444
845 1442
844 1441
844 1440
843 1439
843 1438
842 1437
842 1435
841 1434
841 1433
840 1432
840 1430
839 1429
839 1428
838 1427
838 1426
837 1425
837 1424
838 1423
842 1427
843 1427
849 1433
850 1433
855 1438
856 1438
859 1441
860 1441
864 1445
865 1445
868 1448
869 1448
871 1450
872 1450
875 1453
876 1453
883 1460
884 1460
886 1462
887 1462
889 1464
890 1464
891 1465
892 1465
894 1467
895 1467
896 1468
897 1468
898 1469
899 1469
900 1470
902 1470
903 1471
904 1471
905 1472
906 1472
907 1473
910 1473
911 1474
913 1474
914 1475
916 1475
917 1476
919 1476
920 1477
924 1477
925 1478
929 1478
930 1479
934 1479
935 1480
942 1480
943 1481
972 1481
973 1480
978 1480
979 1479
984 1479
985 1478
988 1478
989 1477
991 1477
992 1476
994 1476
995 1475
997 1475
998 1474
999 1474
1000 1473
1001 1473
1002 1472
1003 1472
1005 1470
1006 1470
1013 1463
1013 1461
1014 1460
1013 1459
1013 1456
1010 1453
1009 1453
1006 1450
1006 1447
1000 1441
1000 1440
998 1438
998 1437
994 1433
994 1432
993 1431
992 1431
987 1426
986 1426
984 1424
983 1424
980 1421
979 1421
976 1418
976 1417
971 1412
970 1412
965 1407
964 1407
961 1404
961 1403
956 1398
956 1397
957 1396
964 1396
965 1395
971 1395
972 1394
975 1394
976 1393
979 1393
980 1392
983 1392
984 1391
986 1391
987 1390
989 1390
990 1389
991 1389
992 1388
994 1388
996 1386
997 1386
1001 1382
1001 1378
1000 1377
1000 1374
999 1373
999 1370
1002 1367
1003 1367
1004 1366
1005 1366
1006 1365
1007 1365
1008 1364
1009 1364
1012 1361
1013 1361
1014 1360
1015 1360
1017 1358
1018 1358
1020 1356
1021 1356
1023 1354
1024 1354
1035 1343
1035 1342
1038 1339
1038 1338
1040 1336
1040 1335
1041 1334
1041 1333
1042 1332
1042 1331
1045 1328
1045 1327
1047 1325
1047 1324
1048 1323
1048 1320
1049 1319
1049 1315
1054 1310
1054 1309
1055 1308
1055 1300
1056 1299
1056 1298
1060 1294
1060 1293
1061 1292
1061 1290
1062 1289
1062 1286
1063 1285
1063 1283
1064 1282
1064 1281
1065 1280
1065 1279
1066 1278
1066 1277
1068 1275
1068 1274
1069 1273
1069 1272
1070 1271
1070 1269
1071 1268
1071 1260
1073 1258
1073 1257
1075 1255
1074 1254
1074 1253
1073 1252
1073 1246
1075 1244
1075 1241
1072 1238
1072 1233
1073 1232
1073 1230
1074 1229
1073 1228
1073 1225
1072 1224
1072 1222
1071 1221
1071 1217
1070 1216
1070 1213
1069 1212
1069 1211
1068 1210
1068 1209
1064 1205
1063 1205
1061 1203
1060 1203
1059 1202
1039 1202
1038 1201
1036 1201
1035 1200
1034 1200
1033 1199
1031 1199
1030 1198
1028 1198
1027 1197
1022 1197
1021 1196
1008 1196
1007 1195
1005 1195
1004 1194
1003 1194
1002 1193
1000 1193
999 1192
996 1192
995 1191
984 1191
983 1190
984 1189
985 1189
998 1176
998 1175
1005 1168
1005 1167
1009 1163
1009 1162
1013 1158
1013 1157
1014 1156
1014 1155
1015 1154
1015 1153
1017 1151
1017 1150
1020 1147
1020 1146
1023 1143
1023 1142
1024 1141
1024 1137
1025 1136
1025 1133
1026 1132
1026 1131
1028 1129
1028 1121
1026 1119
1026 1118
1024 1116
1024 1115
1023 1114
1023 1112
1022 1111
1022 1110
1019 1107
1018 1107
1014 1103
1014 1102
1013 1101
1013 1100
1012 1099
1012 1098
1011 1097
1011 1087
1012 1086
1012 1084
1013 1083
1013 1082
1014 1081
1014 1079
1013 1078
1013 1076
1012 1075
1012 1073
1011 1072
1011 1070
1010 1069
1010 1067
1009 1066
1009 1065
1008 1064
1008 1063
1002 1057
1000 1057
999 1056
998 1056
997 1055
982 1055
981 1056
977 1056
976 1057
972 1057
971 1058
968 1058
967 1059
965 1059
964 1060
963 1060
962 1061
961 1061
960 1062
958 1062
957 1063
956 1063
955 1064
954 1064
953 1065
951 1065
950 1064
951 1063
952 1063
954 1061
955 1061
956 1060
957 1060
960 1057
961 1057
963 1055
963 1054
966 1051
966 1050
969 1047
969 1046
971 1044
971 1043
973 1041
973 1040
975 1038
975 1037
977 1035
977 1034
979 1032
979 1031
981 1029
981 1028
982 1027
982 1026
983 1025
983 1024
984 1023
984 1022
985 1021
985 1020
986 1019
986 1018
988 1016
988 1014
989 1013
989 1012
990 1011
990 1010
991 1009
991 1008
992 1007
992 1006
993 1005
993 1003
994 1002
994 1000
995 999
995 998
996 997
996 995
997 994
997 992
998 991
998 988
999 987
999 984
1000 983
1000 979
1001 978
1001 969
1002 968
1001 967
1001 964
1000 963
998 963
996 965
993 965
991 967
990 966
990 962
989 961
989 958
988 957
988 951
987 950
987 948
986 947
986 945
985 944
985 943
978 936
977 936
975 934
973 934
972 933
968 933
965 930
964 930
963 929
958 929
957 930
956 930
955 931
954 930
954 928
955 927
955 926
956 925
956 923
957 922
957 921
958 920
958 918
959 917
959 915
960 914
960 910
957 910
954 913
954 914
953 915
953 916
952 917
952 918
949 921
948 920
948 917
949 916
949 913
950 912
950 909
951 908
951 905
952 904
952 890
951 889
951 888
950 887
950 885
949 884
949 883
948 882
948 881
947 880
947 878
946 877
946 874
945 873
945 872
944 871
944 870
940 870
939 869
938 869
936 867
932 867
931 868
930 868
929 869
928 869
927 870
926 870
924 872
923 872
919 876
918 876
910 884
910 885
908 887
908 888
906 890
906 892
905 893
905 894
904 895
904 896
903 897
903 898
902 899
902 901
901 902
901 906
900 907
899 906
899 896
900 895
900 889
899 888
899 878
898 877
898 872
897 871
897 869
896 868
896 867
895 866
895 865
894 864
894 863
893 862
893 861
889 857
889 856
887 854
887 853
886 852
886 851
884 849
884 848
883 847
882 847
880 845
879 845
878 844
877 844
876 843
875 843
873 841
872 841
870 839
868 839
867 838
862 838
858 834
857 834
856 833
853 833
852 834
850 834
847 837
846 837
844 839
843 839
838 844
838 845
837 846
836 845
836 843
834 841
834 840
831 837
831 836
829 834
829 833
823 827
823 826
818 821
818 820
814 816
814 815
806 807
805 807
803 805
803 795
802 794
802 793
801 792
800 792
799 791
799 790
798 789
798 785
797 784
797 781
796 780
796 778
795 777
795 775
794 774
794 773
792 771
792 770
790 768
790 767
789 766
789 762
788 761
788 760
787 759
787 758
785 756
785 755
783 753
783 752
780 749
779 749
777 747
776 747
775 746
774 746
773 745
772 745
769 742
769 741
768 740
768 738
767 737
767 736
766 735
766 734
763 731
762 731
761 730
761 729
758 726
758 725
751 718
750 718
749 717
748 717
747 716
746 716
744 714
743 714
742 713
739 713
738 712
734 712
729 707
729 706
726 703
724 703
723 702
720 702
719 701
712 701
710 699
709 699
704 694
697 694
696 695
691 695
686 690
679 690
678 691
676 689
676 683
675 682
675 681
674 680
674 679
673 678
673 677
671 675
669 675
667 677
666 677
664 679
663 679
662 678
660 678
659 679
658 679
657 680
657 681
656 682
655 682
651 686
646 686
643 689
642 689
641 690
640 690
639 691
638 691
636 693
635 693
633 695
632 695
630 697
629 697
625 701
624 701
622 703
621 703
618 706
617 706
615 708
613 708
612 709
611 709
610 708
606 708
605 707
605 700
606 699
606 693
607 692
607 686
606 685
606 682
605 681
605 679
604 678
604 676
603 675
603 673
602 672
602 671
601 670
601 669
599 667
598 667
597 666
596 666
595 665
595 663
594 662
594 660
592 658
590 658
585 653
581 653
580 654
577 654
575 656
574 656
573 657
573 658
572 659
572 660
571 661
571 662
568 665
568 666
565 669
565 670
564 671
564 672
563 673
563 674
562 675
562 677
561 678
561 680
560 681
560 684
559 685
558 684
558 676
557 675
557 672
556 671
556 668
555 667
555 666
554 665
554 663
553 662
553 661
551 659
551 658
546 653
545 653
543 651
541 651
540 650
536 650

