3708            
4               
12              
0               
1               
20              
17409           
0               
0               
0               
17413           
32              
2               
6               
0               
1               

// Volume Independent Parameters
1               
0               
0               
0               
0               
0               
0               
0               
0               
0               
20              
3               
2000            
60000           
-96             
-30             
0               
0               
0               
-96             
-30             
-30             
0               
0               
1               
0               
32              
32              
32              
32              
32              
32              
32              
32              
32              
32              
32              
32              
32              
32              
32              
32              
32              
32              
32              
32              
32              
32              
32              
32              
32              
32              
32              
32              
32              
32              
32              
32              
32              
32              
32              
32              
32              
32              
32              
32              
32              
32              
32              
32              
32              
34              
36              
37              
37              
35              
32              
30              
29              
29              
31              
33              
34              
33              
32              
31              
30              
29              
28              
27              
27              
27              
28              
29              
29              
28              
28              
27              
27              
27              
27              
28              
28              
28              
28              
28              
28              
28              
28              
29              
29              
30              
30              
30              
31              
31              
31              
32              
32              
33              
33              
33              
34              
34              
34              
35              
35              
35              
35              
35              
35              
35              
35              
35              
35              
34              
34              
34              
33              
33              
32              
32              
31              
31              
30              
30              
29              
29              
28              
28              
27              
27              
26              
26              
26              
26              
25              
25              
25              
25              
25              
25              
25              
25              
25              
24              
24              
24              
24              
24              
24              
24              
24              
24              
25              
25              
25              
25              
25              
25              
25              
25              
25              
25              
25              
24              
24              
24              
24              
24              
24              
23              
23              
23              
22              
22              
22              
22              
21              
21              
21              
21              
21              
21              
20              
20              
20              
20              
20              
20              
19              
19              
19              
19              
19              
19              
18              
18              
18              
18              
18              
18              
18              
17              
17              
17              
17              
17              
17              
17              
17              
17              
17              
17              
17              
17              
18              
18              
18              
18              
18              
18              
18              
18              
18              
18              
18              
18              
18              
18              
18              
18              
18              
17              
17              
17              
17              
16              
16              
16              
15              
15              
15              
14              
14              
14              
13              
13              
13              
12              
12              
12              
12              
11              
11              
11              
11              
11              
11              
11              
10              
10              
10              
10              
10              
10              
10              
9               
9               
9               
9               
9               
8               
8               
8               
8               
8               
8               
7               
7               
7               
7               
7               
7               
7               
6               
6               
6               
6               
6               
6               
6               
6               
5               
5               
5               
5               
5               
5               
5               
5               
5               
5               
5               
4               
4               
4               
4               
4               
4               
4               
4               
4               
4               
4               
4               
3               
3               
3               
3               
3               
3               
3               
3               
3               
3               
3               
3               
3               
3               
3               
3               
3               
3               
3               
3               
3               
3               
4               
4               
4               
4               
4               
4               
4               
4               
4               
4               
4               
4               
4               
4               
4               
4               
4               
5               
5               
5               
5               
5               
5               
5               
5               
5               
5               
5               
5               
6               
6               
6               
6               
6               
6               
7               
7               
7               
7               
7               
7               
7               
8               
8               
8               
8               
8               
8               
8               
8               
8               
8               
8               
8               
8               
8               
8               
8               
8               
9               
9               
9               
9               
9               
9               
9               
9               
9               
9               
9               
9               
9               
9               
9               
9               
9               
9               
9               
9               
9               
9               
9               
9               
9               
9               
9               
10              
10              
10              
10              
10              
10              
10              
10              
10              
10              
10              
10              
10              
10              
10              
10              
11              
11              
11              
11              
11              
11              
12              
12              
12              
12              
12              
12              
12              
12              
12              
12              
12              
12              
12              
12              
12              
12              
13              
13              
13              
13              
13              
13              
13              
13              
13              
12              
12              
12              
12              
12              
12              
12              
12              
12              
12              
12              
12              
12              
12              
12              
12              
12              
12              
13              
13              
13              
13              
13              
13              
13              
13              
13              
13              
13              
13              
13              
13              
13              
13              
13              
13              
12              
12              
12              
12              
12              
12              
12              
12              
12              
11              
11              
11              
11              
11              
11              
11              
11              
11              
11              
11              
11              
12              
13              
13              
14              
17              
20              
22              
22              
20              
18              
19              
19              
19              
17              
14              
11              
10              
8               
8               
8               
8               
8               
8               
8               
8               
8               
8               
8               
9               
9               
10              
10              
11              
12              
12              
11              
11              
11              
12              
12              
12              
12              
12              
12              
12              
12              
12              
12              
12              
12              
12              
12              
12              
12              
12              
12              
12              
12              
32              
32              
32              
32              
32              
32              
32              
32              
32              
32              
32              
32              
32              
32              
32              
32              
32              
32              
32              
32              
32              
32              
32              
32              
32              
32              
32              
32              
32              
32              
32              
32              
32              
32              
32              
32              
32              
32              
32              
32              
32              
32              
32              
30              
31              
34              
36              
36              
37              
36              
35              
31              
29              
29              
30              
32              
34              
34              
34              
32              
30              
28              
27              
26              
26              
26              
26              
27              
26              
26              
24              
24              
23              
23              
23              
23              
23              
23              
22              
22              
22              
22              
22              
22              
22              
22              
22              
22              
22              
22              
22              
22              
21              
21              
21              
21              
21              
21              
21              
21              
21              
21              
21              
21              
21              
21              
21              
21              
21              
21              
21              
21              
21              
21              
21              
21              
21              
21              
21              
21              
21              
21              
21              
21              
20              
20              
21              
21              
21              
21              
21              
21              
21              
21              
21              
21              
21              
22              
22              
22              
22              
22              
22              
23              
23              
23              
23              
23              
23              
23              
24              
24              
24              
24              
24              
24              
24              
25              
25              
25              
25              
25              
25              
25              
25              
25              
25              
25              
25              
25              
25              
25              
25              
25              
25              
25              
25              
25              
25              
25              
25              
25              
25              
25              
25              
25              
25              
24              
24              
24              
24              
24              
24              
24              
24              
24              
24              
24              
24              
24              
24              
24              
23              
23              
23              
23              
23              
23              
22              
22              
22              
21              
21              
20              
20              
19              
19              
18              
18              
17              
17              
16              
16              
15              
15              
14              
14              
13              
13              
12              
12              
12              
11              
11              
10              
10              
10              
10              
9               
9               
9               
9               
8               
8               
8               
8               
7               
7               
7               
7               
7               
7               
6               
6               
6               
6               
6               
6               
5               
5               
5               
5               
5               
5               
4               
4               
4               
4               
4               
4               
4               
4               
3               
3               
3               
3               
3               
3               
3               
3               
3               
3               
3               
3               
3               
3               
3               
3               
3               
3               
3               
3               
3               
3               
3               
3               
3               
3               
3               
3               
3               
3               
3               
3               
4               
4               
4               
4               
4               
4               
4               
4               
4               
4               
4               
4               
5               
5               
5               
5               
5               
5               
5               
5               
6               
6               
6               
6               
6               
6               
6               
7               
7               
7               
7               
7               
7               
7               
7               
8               
8               
8               
8               
8               
8               
8               
8               
8               
8               
8               
9               
9               
9               
9               
9               
9               
9               
9               
9               
9               
10              
10              
10              
10              
10              
10              
10              
11              
11              
11              
11              
11              
11              
11              
11              
11              
11              
11              
11              
11              
11              
11              
11              
11              
11              
11              
11              
11              
11              
11              
11              
11              
11              
11              
12              
12              
12              
12              
12              
12              
12              
13              
13              
13              
13              
13              
13              
13              
13              
13              
13              
13              
13              
13              
14              
14              
14              
14              
14              
14              
14              
14              
14              
14              
14              
14              
14              
14              
14              
14              
15              
15              
15              
15              
15              
16              
16              
16              
16              
17              
17              
17              
17              
17              
18              
18              
18              
18              
18              
18              
19              
19              
19              
19              
20              
20              
20              
21              
21              
22              
22              
23              
23              
24              
24              
25              
25              
25              
26              
26              
27              
27              
27              
28              
28              
28              
29              
29              
30              
30              
30              
31              
31              
32              
32              
32              
33              
33              
33              
33              
33              
33              
33              
33              
33              
33              
33              
33              
33              
33              
33              
32              
32              
32              
32              
32              
32              
32              
32              
32              
32              
33              
32              
32              
31              
29              
29              
29              
29              
29              
27              
27              
27              
26              
24              
22              
21              
19              
18              
18              
17              
16              
15              
13              
12              
11              
10              
10              
9               
8               
8               
8               
8               
7               
7               
6               
6               
6               
6               
5               
5               
5               
5               
4               
4               
4               
4               
4               
4               
5               
5               
5               
5               
5               
5               
5               
5               
5               
5               
5               
5               
5               
5               
5               
5               
5               
5               
5               
12              
12              
32              
32              
32              
32              
32              
32              
32              
32              
32              
32              
32              
32              
32              
32              
32              
32              
32              
32              
32              
32              
32              
32              
32              
32              
32              
32              
32              
32              
32              
32              
32              
32              
32              
32              
32              
32              
32              
32              
32              
32              
32              
32              
32              
20              
21              
23              
24              
24              
23              
22              
20              
18              
18              
17              
17              
18              
18              
18              
18              
17              
16              
15              
14              
14              
13              
13              
14              
14              
14              
13              
13              
13              
12              
12              
12              
12              
12              
12              
12              
12              
11              
11              
11              
11              
11              
11              
11              
11              
11              
11              
11              
11              
11              
11              
11              
11              
11              
11              
11              
11              
11              
11              
11              
11              
11              
11              
11              
12              
11              
11              
11              
11              
11              
11              
11              
11              
11              
11              
11              
11              
11              
11              
10              
10              
10              
10              
10              
10              
10              
10              
10              
10              
10              
10              
10              
11              
11              
11              
11              
11              
11              
11              
11              
11              
11              
11              
11              
11              
11              
12              
12              
12              
12              
12              
12              
12              
12              
12              
12              
12              
12              
12              
12              
12              
12              
12              
12              
12              
12              
12              
12              
12              
12              
12              
12              
12              
12              
12              
12              
12              
12              
12              
12              
12              
12              
12              
12              
12              
13              
13              
13              
13              
13              
13              
13              
13              
13              
13              
13              
13              
13              
13              
13              
13              
13              
13              
13              
13              
13              
13              
14              
14              
14              
14              
14              
14              
14              
14              
14              
14              
14              
14              
13              
13              
13              
13              
13              
13              
12              
12              
12              
12              
12              
12              
11              
11              
11              
11              
11              
11              
11              
11              
10              
10              
10              
10              
10              
10              
10              
10              
10              
10              
10              
10              
10              
9               
9               
9               
9               
9               
9               
9               
9               
8               
8               
8               
8               
8               
7               
7               
7               
7               
7               
7               
6               
6               
6               
6               
6               
6               
6               
6               
5               
5               
5               
5               
5               
5               
5               
5               
5               
4               
4               
4               
4               
4               
4               
4               
4               
4               
4               
4               
3               
3               
3               
3               
3               
3               
3               
3               
3               
3               
3               
2               
2               
2               
2               
2               
2               
2               
2               
2               
2               
2               
2               
2               
2               
2               
2               
2               
2               
2               
2               
2               
2               
2               
2               
2               
2               
2               
2               
2               
2               
2               
2               
2               
2               
2               
2               
2               
2               
2               
2               
2               
2               
2               
2               
2               
2               
2               
2               
2               
2               
2               
2               
2               
2               
2               
2               
2               
3               
3               
3               
3               
3               
3               
3               
3               
3               
3               
3               
3               
3               
3               
3               
3               
3               
3               
3               
3               
3               
3               
3               
3               
4               
4               
4               
4               
4               
4               
4               
4               
4               
4               
4               
4               
4               
4               
5               
5               
5               
5               
5               
5               
5               
5               
5               
5               
5               
5               
5               
5               
5               
5               
5               
6               
6               
6               
6               
6               
6               
6               
6               
6               
6               
6               
6               
6               
6               
6               
7               
7               
7               
7               
7               
7               
7               
7               
7               
7               
7               
7               
7               
7               
7               
7               
8               
8               
8               
8               
8               
8               
8               
8               
8               
9               
9               
9               
9               
9               
9               
9               
9               
9               
9               
9               
9               
9               
9               
9               
9               
9               
9               
10              
10              
10              
10              
10              
10              
10              
10              
11              
11              
11              
11              
11              
11              
11              
11              
11              
11              
11              
11              
11              
11              
11              
11              
11              
11              
11              
11              
11              
11              
11              
12              
12              
12              
12              
12              
12              
12              
12              
13              
14              
15              
15              
16              
15              
15              
15              
14              
13              
12              
12              
12              
12              
12              
12              
11              
11              
10              
9               
9               
9               
9               
9               
9               
9               
9               
9               
9               
9               
9               
8               
7               
6               
6               
5               
5               
5               
5               
5               
5               
5               
5               
5               
5               
5               
5               
5               
5               
5               
5               
5               
5               
5               
5               
5               
9               
9               
32              
32              
32              
32              
32              
32              
32              
32              
32              
32              
32              
32              
32              
32              
32              
32              
32              
32              
32              
32              
32              
32              
32              
32              
32              
32              
32              
32              
32              
32              
32              
32              
32              
32              
32              
32              
32              
32              
32              
32              
32              
32              
32              
32              
32              
32              
32              
32              
32              
32              
32              
32              
32              
32              
32              
32              
32              
32              
32              
32              
32              
32              
32              
32              
32              
32              
32              
32              
32              
32              
32              
32              
32              
32              
32              
32              
32              
32              
32              
32              
32              
32              
32              
32              
32              
32              
32              
32              
32              
32              
32              
32              
32              
32              
32              
32              
32              
32              
32              
32              
32              
32              
32              
32              
32              
32              
32              
32              
32              
32              
32              
32              
32              
32              
32              
32              
32              
32              
32              
32              
32              
32              
32              
32              
32              
32              
32              
32              
32              
32              
32              
32              
32              
32              
32              
32              
32              
32              
32              
32              
32              
32              
32              
32              
32              
32              
32              
32              
32              
32              
32              
32              
32              
32              
32              
32              
32              
32              
32              
32              
32              
32              
32              
32              
32              
32              
32              
32              
32              
32              
32              
32              
32              
32              
32              
32              
32              
32              
32              
32              
32              
32              
32              
32              
32              
32              
32              
32              
32              
32              
32              
32              
32              
32              
32              
32              
32              
32              
32              
32              
32              
32              
32              
32              
32              
32              
32              
32              
32              
32              
32              
32              
32              
32              
32              
32              
32              
32              
32              
32              
32              
32              
32              
32              
32              
32              
32              
32              
32              
32              
32              
32              
32              
32              
32              
32              
32              
32              
32              
32              
32              
32              
32              
32              
32              
32              
32              
32              
32              
32              
32              
32              
32              
32              
32              
32              
32              
32              
32              
32              
32              
32              
32              
32              
32              
32              
32              
32              
32              
32              
32              
32              
32              
32              
32              
32              
32              
32              
32              
32              
32              
32              
32              
32              
32              
32              
32              
32              
32              
32              
32              
32              
32              
32              
32              
32              
32              
32              
32              
32              
32              
32              
32              
32              
32              
32              
32              
32              
32              
32              
32              
32              
32              
32              
32              
32              
32              
32              
32              
32              
32              
32              
32              
32              
32              
32              
32              
32              
32              
32              
32              
32              
32              
32              
32              
32              
32              
32              
32              
32              
32              
32              
32              
32              
32              
32              
32              
32              
32              
32              
32              
32              
32              
32              
32              
32              
32              
32              
32              
32              
32              
32              
32              
32              
32              
32              
32              
32              
32              
32              
32              
32              
32              
32              
32              
32              
32              
32              
32              
32              
32              
32              
32              
32              
32              
32              
32              
32              
32              
32              
32              
32              
32              
32              
32              
32              
32              
32              
32              
32              
32              
32              
32              
32              
32              
32              
32              
32              
32              
32              
32              
32              
32              
32              
32              
32              
32              
32              
32              
32              
32              
32              
32              
32              
32              
32              
32              
32              
32              
32              
32              
32              
32              
32              
32              
32              
32              
32              
32              
32              
32              
32              
32              
32              
32              
32              
32              
32              
32              
32              
32              
32              
32              
32              
32              
32              
32              
32              
32              
32              
32              
32              
32              
32              
32              
32              
32              
32              
32              
32              
32              
32              
32              
32              
32              
32              
32              
32              
32              
32              
32              
32              
32              
32              
32              
32              
32              
32              
32              
32              
32              
32              
32              
32              
32              
32              
32              
32              
32              
32              
32              
32              
32              
32              
32              
32              
32              
32              
32              
32              
32              
32              
32              
32              
32              
32              
32              
32              
32              
32              
32              
32              
32              
32              
32              
32              
32              
32              
32              
32              
32              
32              
32              
32              
32              
32              
32              
32              
32              
32              
32              
32              
32              
32              
32              
32              
32              
32              
32              
32              
32              
32              
32              
32              
32              
32              
32              
32              
32              
32              
32              
32              
32              
32              
32              
32              
32              
32              
32              
32              
32              
32              
32              
32              
32              
32              
32              
32              
32              
32              
1               
6553            
32767           
45              
120             
20              
20              
-12             
-12             
0               
0               
0               
1               
250             
0               
0               
-15             
32767           
6               
-15             
12              
-81             
-78             
-82             
-83             
-85             
-88             
-90             
-90             
-92             
-96             
-96             
-96             
-96             
-97             
-99             
-100            
-100            
-101            
-102            
-102            
-101            
-102            
-102            
-102            
-103            
-103            
-102            
-103            
-104            
-104            
-104            
-105            
-104            
-104            
-104            
-105            
-106            
-105            
-106            
-105            
-105            
-105            
-105            
-105            
-105            
-106            
-106            
-105            
-106            
-107            
-107            
-107            
-107            
-106            
-106            
-107            
-107            
-108            
-108            
-108            
-108            
-107            
-107            
-107            
-108            
-108            
-108            
-108            
-108            
-108            
-108            
-109            
-108            
-109            
-108            
-108            
-109            
-109            
-109            
-109            
-109            
-108            
-108            
-108            
-109            
-109            
-109            
-109            
-109            
-109            
-109            
-110            
-110            
-110            
-109            
-108            
-109            
-109            
-109            
-110            
-110            
-110            
-110            
-110            
-109            
-111            
-110            
-110            
-110            
-109            
-109            
-110            
-109            
-110            
-110            
-110            
-110            
-110            
-109            
-109            
-110            
-110            
-109            
-109            
-110            
-110            
-111            
-110            
-111            
-111            
-110            
-110            
-110            
-110            
-110            
-110            
-110            
-109            
-110            
-111            
-109            
-109            
-110            
-110            
-110            
-109            
-109            
-110            
-110            
-109            
-110            
-110            
-110            
-109            
-110            
-110            
-109            
-110            
-111            
-111            
-109            
-110            
-110            
-110            
-110            
-110            
-110            
-110            
-109            
-110            
-110            
-110            
-111            
-111            
-110            
-110            
-110            
-109            
-110            
-109            
-110            
-110            
-110            
-110            
-109            
-110            
-109            
-109            
-110            
-109            
-109            
-109            
-110            
-110            
-110            
-109            
-109            
-110            
-109            
-109            
-108            
-109            
-108            
-109            
-108            
-109            
-110            
-110            
-109            
-109            
-110            
-110            
-110            
-110            
-109            
-109            
-109            
-109            
-110            
-109            
-109            
-109            
-108            
-109            
-108            
-108            
-109            
-109            
-110            
-109            
-109            
-109            
-108            
-109            
-108            
-109            
-108            
-108            
-108            
-109            
-110            
-108            
-108            
-109            
-109            
-109            
-109            
-108            
-109            
-108            
-108            
-108            
-108            
-109            
-109            
-110            
-109            
-108            
-108            
-108            
-108            
-108            
-108            
-109            
-108            
-109            
-108            
-108            
-108            
-108            
-107            
-107            
-107            
-107            
-107            
-107            
-106            
-107            
-107            
-107            
-107            
-107            
-106            
-106            
-106            
-106            
-106            
-106            
-105            
-106            
-106            
-105            
-104            
-105            
-105            
-104            
-104            
-105            
-104            
-104            
-103            
-104            
-103            
-104            
-103            
-104            
-103            
-103            
-104            
-105            
-104            
-103            
-103            
-103            
-102            
-102            
-103            
-103            
-103            
-103            
-103            
-103            
-103            
-104            
-103            
-103            
-104            
-105            
-105            
-104            
-104            
-103            
-104            
-104            
-101            
-104            
-105            
-106            
-106            
-106            
-106            
-107            
-107            
-107            
-106            
-106            
-107            
-107            
-107            
-106            
-107            
-107            
-107            
-107            
-107            
-107            
-106            
-108            
-107            
-106            
-106            
-107            
-106            
-108            
-107            
-107            
-108            
-108            
-108            
-109            
-109            
-108            
-108            
-108            
-109            
-109            
-109            
-109            
-109            
-109            
-109            
-109            
-110            
-109            
-109            
-108            
-109            
-110            
-109            
-110            
-109            
-109            
-109            
-110            
-110            
-109            
-108            
-109            
-109            
-109            
-110            
-109            
-109            
-108            
-109            
-109            
-110            
-110            
-108            
-108            
-109            
-109            
-109            
-109            
-108            
-108            
-108            
-108            
-108            
-108            
-109            
-108            
-107            
-109            
-108            
-108            
-107            
-107            
-108            
-108            
-108            
-108            
-108            
-108            
-108            
-108            
-108            
-108            
-108            
-108            
-107            
-108            
-108            
-109            
-108            
-108            
-108            
-108            
-108            
-109            
-109            
-110            
-109            
-109            
-109            
-109            
-109            
-109            
-109            
-110            
-110            
-110            
-109            
-110            
-110            
-110            
-110            
-111            
-111            
-110            
-110            
-111            
-110            
-110            
-110            
-109            
-110            
-110            
-109            
-110            
-110            
-110            
-110            
-111            
-111            
-109            
-110            
-110            
-110            
-110            
-109            
-110            
-110            
-109            
-109            
-109            
-109            
-109            
-110            
-110            
-110            
-110            
-109            
-108            
-109            
-109            
-109            
-110            
-111            
-111            
-112            
-92             
-93             
-81             
-78             
-82             
-83             
-85             
-88             
-90             
-90             
-91             
-95             
-96             
-98             
-98             
-97             
-99             
-99             
-99             
-100            
-100            
-101            
-101            
-102            
-102            
-103            
-102            
-102            
-103            
-103            
-103            
-104            
-104            
-104            
-103            
-104            
-104            
-104            
-105            
-104            
-105            
-106            
-106            
-105            
-105            
-105            
-105            
-105            
-105            
-105            
-106            
-106            
-106            
-106            
-106            
-106            
-106            
-107            
-107            
-108            
-107            
-106            
-107            
-107            
-107            
-107            
-107            
-108            
-107            
-107            
-108            
-107            
-107            
-108            
-109            
-109            
-109            
-109            
-109            
-108            
-108            
-108            
-109            
-109            
-109            
-108            
-108            
-108            
-108            
-108            
-109            
-109            
-109            
-109            
-109            
-109            
-109            
-109            
-109            
-109            
-109            
-110            
-110            
-110            
-110            
-109            
-108            
-109            
-110            
-109            
-110            
-109            
-110            
-110            
-111            
-110            
-110            
-110            
-110            
-110            
-110            
-110            
-109            
-109            
-110            
-110            
-110            
-110            
-110            
-110            
-110            
-110            
-110            
-110            
-110            
-109            
-110            
-110            
-110            
-110            
-111            
-110            
-110            
-111            
-110            
-110            
-110            
-109            
-110            
-109            
-111            
-110            
-109            
-110            
-110            
-110            
-110            
-110            
-110            
-111            
-109            
-110            
-111            
-111            
-111            
-111            
-111            
-111            
-111            
-111            
-110            
-110            
-111            
-110            
-110            
-111            
-111            
-110            
-110            
-110            
-111            
-111            
-111            
-110            
-110            
-111            
-111            
-112            
-111            
-111            
-111            
-111            
-111            
-111            
-111            
-111            
-110            
-110            
-111            
-110            
-111            
-111            
-111            
-110            
-111            
-111            
-111            
-111            
-111            
-110            
-110            
-111            
-111            
-110            
-110            
-111            
-111            
-111            
-111            
-111            
-110            
-111            
-111            
-111            
-111            
-110            
-111            
-110            
-110            
-110            
-110            
-109            
-110            
-109            
-110            
-110            
-110            
-110            
-110            
-109            
-109            
-109            
-109            
-109            
-109            
-109            
-108            
-108            
-108            
-109            
-109            
-109            
-108            
-109            
-108            
-108            
-108            
-108            
-108            
-108            
-108            
-107            
-106            
-107            
-107            
-105            
-106            
-106            
-106            
-105            
-106            
-104            
-105            
-106            
-105            
-105            
-104            
-103            
-103            
-104            
-104            
-100            
-99             
-103            
-104            
-103            
-103            
-103            
-102            
-103            
-103            
-102            
-102            
-103            
-101            
-102            
-103            
-103            
-103            
-105            
-105            
-104            
-104            
-104            
-105            
-106            
-105            
-106            
-106            
-107            
-107            
-108            
-108            
-106            
-106            
-107            
-108            
-109            
-109            
-108            
-109            
-109            
-108            
-109            
-109            
-109            
-110            
-110            
-109            
-109            
-110            
-110            
-111            
-110            
-110            
-110            
-110            
-111            
-110            
-110            
-110            
-110            
-109            
-110            
-111            
-110            
-111            
-111            
-111            
-110            
-110            
-111            
-111            
-110            
-111            
-111            
-111            
-111            
-111            
-111            
-110            
-110            
-110            
-111            
-111            
-111            
-112            
-111            
-112            
-111            
-111            
-111            
-111            
-112            
-110            
-112            
-111            
-111            
-111            
-112            
-111            
-112            
-112            
-111            
-112            
-111            
-111            
-112            
-111            
-112            
-112            
-111            
-111            
-111            
-112            
-112            
-112            
-111            
-113            
-112            
-111            
-112            
-112            
-112            
-111            
-112            
-112            
-112            
-112            
-111            
-111            
-111            
-112            
-112            
-112            
-112            
-112            
-113            
-112            
-112            
-111            
-112            
-112            
-112            
-112            
-112            
-113            
-112            
-111            
-112            
-113            
-112            
-111            
-112            
-112            
-112            
-112            
-112            
-112            
-112            
-111            
-111            
-112            
-113            
-113            
-112            
-112            
-113            
-112            
-112            
-111            
-112            
-111            
-112            
-112            
-111            
-111            
-112            
-113            
-112            
-112            
-112            
-112            
-112            
-112            
-112            
-112            
-112            
-112            
-112            
-112            
-112            
-112            
-112            
-112            
-111            
-111            
-112            
-113            
-113            
-113            
-112            
-112            
-112            
-113            
-112            
-113            
-113            
-112            
-112            
-113            
-112            
-112            
-113            
-112            
-113            
-113            
-112            
-113            
-112            
-113            
-112            
-112            
-112            
-112            
-112            
-111            
-112            
-112            
-112            
-113            
-113            
-114            
-94             
-95             
1               
0               
10              
0               
-15             
1               
0               
-12             
2344            
4687            
0               
-15             
-3              
-20             
0               
9830            
1638            
655             
0               
-20             
0               
-20             
300             
300             
0               
0               
0               
0               
32767           
0               
0               
24576           
0               
-96             
28642           
0               
0               
-13             
27000           
27000           
27000           
27000           
16384           
-12             
-18             
96              
440             
6826            
6826            
6826            
6826            
6826            
0               
1               
20              
-3              
-6              
0               
1               
0               
-6              
-96             
1000            
1000            
0               
0               
0               
0               
300             
30              
50              
1               
1               
17000           
0               
20              
4               
2048            
100             
100             
-1024           
5000            
100             
-973            
12500           
100             
-1024           
16000           
100             
0               
8900            
100             
0               
11710           
100             
0               
300             
200             
0               
1000            
100             
0               
20              
96              
0               
20              
96              
2               
0               
200             
100             
-16             
2000            
100             
-16             
1               
1               
20              
5               
0               
20              
0               
0               
5000            
60000           
-96             
-33             
-25             
-15             
0               
-96             
-33             
-33             
-33             
-33             
0               
0               
20              
2               
1               
20              
0               
0               
10000           
10000           
-96             
0               
0               
0               
0               
-96             
0               
0               
0               
0               
1               
0               
20              
2               
1               
20              
0               
0               
10000           
10000           
-96             
0               
0               
0               
0               
-96             
0               
0               
0               
0               
1               
0               
20              
2               
1               
20              
0               
0               
10000           
10000           
-96             
0               
0               
0               
0               
-96             
0               
0               
0               
0               
1               
0               
20              
2               
1               
20              
0               
0               
10000           
10000           
-96             
0               
0               
0               
0               
-96             
0               
0               
0               
0               
1               
0               
1               
20              
5               
0               
20              
0               
0               
1000            
60000           
-96             
-33             
-25             
-15             
0               
-96             
-33             
-33             
-33             
0               
1               
0               
1               
0               
25              
0               
0               
90              
75              
100             
10              
10              
0               
0               
-20             
-20             
-96             
-96             
-6              
3               
70              
30              
500             
0               
0               
0               
0               
62              
28              
44              
0               
162             
0               
131             
0               
4               
4               
11              
0               
0               
1               
2               
1               
0               
0               
0               
0               
0               
-30             
1               
100             
96              
86              
6826            
6826            
6826            
6826            
6826            
6826            
6826            
6826            
6826            
6826            

// Volume 0
