489 663
488 664
487 664
485 666
484 666
482 668
481 668
479 670
478 670
477 671
476 671
474 673
473 673
471 675
470 675
468 677
467 677
465 679
464 679
462 681
461 681
459 683
458 683
457 684
456 684
454 686
453 686
451 688
450 688
448 690
447 690
445 692
444 692
442 694
441 694
440 695
439 695
437 697
436 697
434 699
433 699
431 701
430 701
428 703
427 703
425 705
424 705
422 707
421 707
420 708
419 708
417 710
416 710
414 712
413 712
411 714
410 714
408 716
407 716
405 718
404 718
402 720
401 720
400 721
399 721
397 723
396 723
394 725
393 725
391 727
390 727
388 729
387 729
385 731
384 731
383 732
382 732
380 734
379 734
377 736
376 736
374 738
373 738
371 740
370 740
368 742
367 742
365 744
364 744
363 745
362 745
360 747
359 747
357 749
356 749
354 751
353 751
351 753
350 753
348 755
347 755
345 757
344 757
343 758
342 758
340 760
339 760
337 762
336 762
334 764
333 764
331 766
330 766
328 768
327 768
326 769
325 769
323 771
322 771
320 773
319 773
317 775
316 775
314 777
313 777
311 779
310 779
308 781
307 781
306 782
305 782
303 784
302 784
300 786
299 786
297 788
296 788
294 790
293 790
291 792
290 792
288 794
287 794
286 795
285 795
283 797
282 797
280 799
279 799
277 801
276 801
274 803
273 803
271 805
270 805
268 807
267 807
266 808
265 808
263 810
262 810
260 812
259 812
257 814
256 814
254 816
253 816
251 818
250 818
249 819
248 819
246 821
245 821
243 823
242 823
240 825
239 825
237 827
236 827
234 829
233 829
231 831
230 831
229 832
228 832
226 834
225 834
223 836
222 836
220 838
219 838
217 840
216 840
214 842
213 842
211 844
210 844
209 845
208 845
206 847
205 847
203 849
202 849
200 851
199 851
197 853
196 853
194 855
193 855
192 856
191 856
189 858
188 858
186 860
185 860
183 862
182 862
180 864
179 864
177 866
176 866
174 868
173 868
172 869
171 869
169 871
168 871
166 873
165 873
163 875
162 875
160 877
159 877
157 879
156 879
154 881
153 881
152 882
151 882
149 884
148 884
146 886
145 886
143 888
142 888
140 890
139 890
137 892
136 892
134 894
133 894
132 895
131 895
129 897
128 897
126 899
125 899
123 901
122 901
120 903
119 903
117 905
116 905
115 906
114 906
112 908
111 908
109 910
108 910
106 912
105 912
103 914
102 914
100 916
99 916
97 918
96 918
95 919
94 919
92 921
91 921
89 923
88 923
86 925
85 925
83 927
82 927
80 929
79 929
77 931
76 931
75 932
74 932
72 934
71 934
69 936
68 936
66 938
65 938
63 940
62 940
60 942
59 942
58 943
57 943
55 945
54 945
52 947
51 947
49 949
48 949
46 951
45 951
43 953
42 953
40 955
39 955
38 956
37 956
35 958
34 958
32 960
31 960
29 962
28 962
26 964
25 964
23 966
22 966
20 968
19 968
18 969
17 969
15 971
14 971
12 973
11 973
9 975
8 975
6 977
5 977
3 979
2 979
0 981
0 2399
1079 2399
1079 847
1078 848
1077 848
1076 849
1075 849
1074 850
1073 850
1072 851
1070 851
1069 852
1068 852
1067 853
1066 853
1065 854
1064 854
1063 855
1062 855
1061 856
1060 856
1059 857
1058 857
1057 858
1056 858
1055 859
1054 859
1053 860
1052 860
1051 861
1050 861
1049 862
1048 862
1047 863
1046 863
1045 864
1044 864
1043 865
1042 865
1041 866
1040 866
1039 867
1038 867
1037 868
1035 868
1034 869
1033 869
1032 870
1031 870
1030 871
1029 871
1028 872
1027 872
1026 873
1025 873
1024 874
1023 874
1022 875
1021 875
1020 876
1019 876
1018 877
1017 877
1016 878
1015 878
1014 879
1013 879
1012 880
1011 880
1010 881
1009 881
1008 882
1007 882
1006 883
1003 883
1002 882
1001 882
1000 881
998 881
997 880
996 880
995 879
994 879
993 878
991 878
990 877
989 877
988 876
987 876
986 875
984 875
983 874
982 874
981 873
980 873
979 872
977 872
976 871
975 871
974 870
973 870
972 869
970 869
969 868
968 868
967 867
966 867
965 866
963 866
962 865
961 865
960 864
959 864
958 863
956 863
955 862
954 862
953 861
952 861
951 860
949 860
948 859
947 859
946 858
945 858
944 857
942 857
941 856
940 856
939 855
938 855
937 854
935 854
934 853
933 853
932 852
931 852
930 851
928 851
927 850
926 850
925 849
924 849
923 848
921 848
920 847
919 847
918 846
917 846
916 845
914 845
913 844
912 844
911 843
910 843
909 842
907 842
906 841
905 841
904 840
903 840
902 839
900 839
899 838
898 838
897 837
896 837
895 836
893 836
892 835
891 835
890 834
889 834
888 833
886 833
885 832
884 832
883 831
881 831
880 830
879 830
878 829
877 829
876 828
874 828
873 827
872 827
871 826
870 826
869 825
867 825
866 824
865 824
864 823
863 823
862 822
860 822
859 821
858 821
857 820
856 820
855 819
853 819
852 818
851 818
850 817
849 817
848 816
846 816
845 815
844 815
843 814
842 814
841 813
839 813
838 812
837 812
836 811
835 811
834 810
832 810
831 809
830 809
829 808
828 808
827 807
825 807
824 806
823 806
822 805
821 805
820 804
818 804
817 803
816 803
815 802
814 802
813 801
811 801
810 800
809 800
808 799
807 799
806 798
804 798
803 797
802 797
801 796
800 796
799 795
797 795
796 794
795 794
794 793
793 793
792 792
790 792
789 791
788 791
787 790
786 790
785 789
783 789
782 788
781 788
780 787
779 787
778 786
776 786
775 785
774 785
773 784
772 784
771 783
769 783
768 782
767 782
766 781
765 781
764 780
762 780
761 779
760 779
759 778
758 778
757 777
755 777
754 776
753 776
752 775
751 775
750 774
748 774
747 773
746 773
745 772
744 772
743 771
741 771
740 770
739 770
738 769
737 769
736 768
734 768
733 767
732 767
731 766
730 766
729 765
727 765
726 764
725 764
724 763
723 763
722 762
720 762
719 761
718 761
717 760
716 760
715 759
713 759
712 758
711 758
710 757
709 757
708 756
706 756
705 755
704 755
703 754
702 754
701 753
699 753
698 752
697 752
696 751
694 751
693 750
692 750
691 749
690 749
689 748
687 748
686 747
685 747
684 746
683 746
682 745
680 745
679 744
678 744
677 743
676 743
675 742
673 742
672 741
671 741
670 740
669 740
668 739
666 739
665 738
664 738
663 737
662 737
661 736
659 736
658 735
657 735
656 734
655 734
654 733
652 733
651 732
650 732
649 731
648 731
647 730
645 730
644 729
643 729
642 728
641 728
640 727
638 727
637 726
636 726
635 725
634 725
633 724
631 724
630 723
629 723
628 722
627 722
626 721
624 721
623 720
622 720
621 719
620 719
619 718
617 718
616 717
615 717
614 716
613 716
612 715
610 715
609 714
608 714
607 713
606 713
605 712
603 712
602 711
601 711
600 710
599 710
598 709
596 709
595 708
594 708
593 707
592 707
591 706
589 706
588 705
587 705
586 704
585 704
584 703
582 703
581 702
580 702
579 701
578 701
577 700
575 700
574 699
573 699
572 698
571 698
570 697
568 697
567 696
566 696
565 695
564 695
563 694
561 694
560 693
559 693
558 692
557 692
556 691
554 691
553 690
552 690
551 689
550 689
549 688
547 688
546 687
545 687
544 686
543 686
542 685
540 685
539 684
538 684
537 683
536 683
535 682
533 682
532 681
531 681
530 680
529 680
528 679
526 679
525 678
524 678
523 677
522 677
521 676
519 676
518 675
517 675
516 674
514 674
513 673
512 673
511 672
510 672
509 671
507 671
506 670
505 670
504 669
503 669
502 668
500 668
499 667
498 667
497 666
496 666
495 665
493 665
492 664
491 664
490 663

