584 681
583 682
580 682
580 683
579 684
576 684
575 685
572 685
571 686
569 686
568 687
565 687
564 688
561 688
560 689
557 689
556 690
553 690
552 691
549 691
548 692
545 692
544 693
542 693
540 695
538 695
537 696
533 696
532 697
530 697
529 698
526 698
525 699
522 699
521 700
518 700
517 701
515 701
514 702
511 702
510 703
507 703
506 704
503 704
502 705
499 705
497 707
494 707
493 708
491 708
490 709
487 709
486 710
484 710
483 711
480 711
479 712
476 712
475 713
472 713
471 714
468 714
467 715
464 715
463 716
460 716
459 717
457 717
456 718
455 718
454 719
452 719
451 720
449 720
448 721
445 721
444 722
441 722
440 723
437 723
436 724
433 724
432 725
429 725
428 726
425 726
424 727
421 727
420 728
417 728
415 730
413 730
412 731
410 731
409 732
406 732
405 733
402 733
401 734
398 734
397 735
394 735
393 736
390 736
389 737
386 737
385 738
383 738
382 739
378 739
377 740
375 740
373 742
371 742
370 743
367 743
366 744
363 744
362 745
359 745
358 746
356 746
355 747
352 747
351 748
348 748
347 749
344 749
343 750
340 750
339 751
336 751
335 752
334 752
333 753
331 753
330 754
328 754
327 755
324 755
323 756
321 756
320 757
317 757
316 758
313 758
312 759
309 759
308 760
305 760
304 761
301 761
300 762
297 762
296 763
293 763
291 765
289 765
288 766
285 766
284 767
282 767
281 768
279 768
278 769
274 769
273 770
270 770
269 771
266 771
265 772
262 772
261 773
258 773
257 774
254 774
253 775
251 775
249 777
247 777
246 778
243 778
242 779
239 779
238 780
235 780
234 781
231 781
230 782
228 782
227 783
224 783
223 784
220 784
219 785
216 785
215 786
211 786
211 787
210 788
207 788
206 789
204 789
203 790
200 790
199 791
196 791
195 792
193 792
192 793
189 793
188 794
185 794
184 795
181 795
180 796
177 796
176 797
173 797
172 798
169 798
167 800
165 800
164 801
161 801
160 802
158 802
157 803
154 803
153 804
151 804
150 805
146 805
145 806
142 806
141 807
138 807
137 808
135 808
134 809
130 809
129 810
128 810
127 811
126 811
125 812
122 812
121 813
119 813
118 814
115 814
114 815
111 815
110 816
107 816
106 817
103 817
102 818
100 818
99 819
96 819
95 820
92 820
91 821
88 821
87 822
86 822
85 823
83 823
82 824
80 824
79 825
76 825
75 826
72 826
71 827
69 827
68 828
65 828
64 829
61 829
60 830
57 830
56 831
53 831
52 832
49 832
48 833
45 833
43 835
41 835
40 836
37 836
36 837
34 837
33 838
30 838
29 839
26 839
25 840
22 840
21 841
18 841
17 842
14 842
13 843
10 843
9 844
6 844
4 846
2 846
1 847
0 847
0 2399
1079 2399
1079 1244
1078 1243
1077 1243
1076 1242
1075 1242
1073 1240
1073 1239
1072 1239
1071 1238
1070 1238
1068 1236
1067 1236
1066 1235
1065 1235
1063 1233
1062 1233
1060 1231
1059 1231
1055 1227
1054 1227
1053 1226
1052 1226
1051 1225
1050 1225
1048 1223
1047 1223
1045 1221
1044 1221
1042 1219
1041 1219
1040 1218
1039 1218
1038 1217
1038 1216
1037 1216
1035 1214
1034 1214
1033 1213
1032 1213
1030 1211
1029 1211
1028 1210
1027 1210
1025 1208
1024 1208
1020 1204
1019 1204
1017 1202
1016 1202
1015 1201
1014 1201
1013 1200
1012 1200
1010 1198
1009 1198
1007 1196
1006 1196
1002 1192
1001 1192
1000 1191
999 1191
997 1189
996 1189
995 1188
994 1188
992 1186
991 1186
989 1184
988 1184
984 1180
983 1180
982 1179
981 1179
979 1177
978 1177
977 1176
976 1176
974 1174
973 1174
971 1172
970 1172
969 1171
969 1170
968 1170
967 1169
966 1169
964 1167
963 1167
962 1166
961 1166
959 1164
958 1164
957 1163
956 1163
953 1160
952 1160
951 1159
951 1158
950 1158
949 1157
948 1157
946 1155
945 1155
943 1153
943 1136
942 1135
942 987
941 986
941 985
942 984
942 977
941 976
941 974
942 973
941 972
941 953
940 952
939 952
937 950
937 949
936 949
935 948
934 948
931 945
930 945
928 943
927 943
925 941
924 941
921 938
921 937
920 937
918 935
917 935
915 933
914 933
913 932
912 932
910 930
909 930
907 928
907 927
905 925
904 925
903 924
902 924
898 920
897 920
894 917
893 917
891 915
891 914
890 914
888 912
887 912
885 910
884 910
883 909
882 909
879 906
878 906
873 901
872 901
869 898
868 898
867 897
866 897
863 894
862 894
860 892
860 891
859 890
858 890
856 888
855 888
853 886
852 886
849 883
848 883
845 880
845 879
844 879
843 878
842 878
839 875
838 875
836 873
835 873
832 870
831 870
830 869
830 868
829 867
828 867
826 865
825 865
823 863
822 863
820 861
819 861
816 858
815 858
814 857
814 856
813 855
812 855
810 853
809 853
807 851
806 851
803 848
802 848
797 843
796 843
794 841
793 841
790 838
789 838
786 835
785 835
784 834
784 833
783 833
780 830
779 830
777 828
776 828
774 826
773 826
767 820
766 820
764 818
763 818
761 816
760 816
756 812
755 812
753 810
753 809
752 809
750 807
749 807
747 805
746 805
744 803
743 803
740 800
739 800
738 799
738 798
737 797
736 797
734 795
733 795
731 793
730 793
727 790
726 790
721 785
720 785
718 783
717 783
714 780
713 780
710 777
709 777
708 776
708 775
707 774
706 774
704 772
703 772
701 770
700 770
698 768
697 768
694 765
693 765
692 764
692 763
691 762
690 762
688 760
687 760
685 758
684 758
681 755
680 755
675 750
674 750
672 748
671 748
668 745
667 745
665 743
664 743
662 741
662 740
661 739
660 739
658 737
657 737
655 735
654 735
652 733
651 733
645 727
644 727
642 725
641 725
639 723
638 723
635 720
634 720
629 715
628 715
626 713
625 713
622 710
621 710
618 707
617 707
616 706
616 705
615 704
614 704
613 703
612 703
609 700
608 700
606 698
605 698
599 692
598 692
596 690
595 690
593 688
592 688
589 685
588 685
586 683
586 682
585 682

