559 737
558 738
553 738
552 739
543 739
542 740
535 740
534 741
529 741
528 742
524 742
523 743
519 743
518 744
514 744
513 745
510 745
509 746
506 746
505 747
503 747
502 748
499 748
498 749
496 749
495 750
493 750
492 751
490 751
489 752
487 752
486 753
484 753
483 754
481 754
480 755
479 755
478 756
477 756
476 757
475 757
474 758
472 758
471 759
470 759
469 760
468 760
467 761
466 761
465 762
464 762
463 763
461 763
460 764
459 764
458 765
457 765
456 766
455 766
454 767
453 767
452 768
451 768
450 769
449 769
448 770
447 770
446 771
445 771
444 772
443 772
441 774
440 774
439 775
438 775
437 776
436 776
434 778
433 778
431 780
430 780
428 782
427 782
425 784
424 784
422 786
421 786
419 788
418 788
415 791
414 791
410 795
409 795
404 800
403 800
395 808
394 808
380 822
380 823
372 831
372 832
368 836
368 837
364 841
364 842
361 845
361 846
358 849
358 850
356 852
356 853
354 855
354 856
352 858
352 859
351 860
351 861
349 863
349 864
347 866
347 867
346 868
346 869
345 870
345 871
343 873
343 874
342 875
342 876
341 877
341 878
340 879
340 880
339 881
339 882
338 883
338 884
337 885
337 886
336 887
336 888
335 889
335 890
334 891
334 892
333 893
333 894
332 895
332 896
331 897
331 898
330 899
330 900
329 901
329 902
328 903
328 905
327 906
327 907
326 908
326 910
325 911
325 913
324 914
324 915
323 916
323 918
322 919
322 921
321 922
321 925
320 926
320 928
319 929
319 932
318 933
318 935
317 936
317 939
316 940
316 944
315 945
315 948
314 949
314 953
313 954
313 959
312 960
312 966
311 967
311 974
310 975
310 985
309 986
309 1022
310 1023
310 1033
311 1034
311 1041
312 1042
312 1048
313 1049
313 1053
314 1054
314 1058
315 1059
315 1063
316 1064
316 1067
317 1068
317 1071
318 1072
318 1075
319 1076
319 1079
320 1080
320 1082
321 1083
321 1085
322 1086
322 1088
323 1089
323 1091
324 1092
324 1094
325 1095
325 1097
326 1098
326 1099
327 1100
327 1102
328 1103
328 1104
329 1105
329 1106
330 1107
330 1109
331 1110
331 1111
332 1112
332 1113
333 1114
333 1115
334 1116
334 1117
335 1118
335 1119
336 1120
336 1121
337 1122
337 1123
338 1124
338 1125
339 1126
339 1127
340 1128
340 1129
341 1130
341 1131
342 1132
342 1133
344 1135
344 1136
345 1137
345 1138
346 1139
346 1140
348 1142
348 1143
349 1144
349 1145
351 1147
351 1148
353 1150
353 1151
355 1153
355 1154
357 1156
357 1157
359 1159
359 1160
361 1162
361 1163
365 1167
365 1168
368 1171
368 1172
373 1177
373 1178
382 1187
382 1188
389 1195
390 1195
402 1207
403 1207
408 1212
409 1212
413 1216
414 1216
417 1219
418 1219
421 1222
422 1222
424 1224
425 1224
427 1226
428 1226
430 1228
431 1228
433 1230
434 1230
435 1231
436 1231
438 1233
439 1233
440 1234
441 1234
443 1236
444 1236
445 1237
446 1237
447 1238
448 1238
449 1239
450 1239
451 1240
453 1240
454 1241
455 1241
456 1242
457 1242
458 1243
459 1243
460 1244
461 1244
462 1245
463 1245
464 1246
465 1246
466 1247
467 1247
468 1248
470 1248
471 1249
472 1249
473 1250
474 1250
475 1251
477 1251
478 1252
479 1252
480 1253
482 1253
483 1254
485 1254
486 1255
488 1255
489 1256
490 1256
491 1257
492 1257
493 1258
495 1258
496 1259
499 1259
500 1260
504 1260
505 1261
504 1262
478 1262
477 1263
465 1263
464 1264
454 1264
453 1265
445 1265
444 1266
436 1266
435 1267
429 1267
428 1268
422 1268
421 1269
416 1269
415 1270
410 1270
409 1271
405 1271
404 1272
400 1272
399 1273
395 1273
394 1274
390 1274
389 1275
386 1275
385 1276
382 1276
381 1277
378 1277
377 1278
375 1278
374 1279
371 1279
370 1280
368 1280
367 1281
364 1281
363 1282
362 1282
361 1283
359 1283
358 1284
356 1284
355 1285
353 1285
352 1286
350 1286
349 1287
347 1287
346 1288
345 1288
344 1289
342 1289
341 1290
340 1290
339 1291
337 1291
336 1292
335 1292
334 1293
332 1293
331 1294
330 1294
329 1295
327 1295
326 1296
325 1296
324 1297
323 1297
322 1298
321 1298
320 1299
319 1299
318 1300
317 1300
316 1301
315 1301
314 1302
313 1302
312 1303
311 1303
310 1304
309 1304
308 1305
307 1305
306 1306
305 1306
304 1307
303 1307
302 1308
301 1308
300 1309
299 1309
297 1311
296 1311
295 1312
294 1312
293 1313
292 1313
290 1315
289 1315
288 1316
287 1316
285 1318
284 1318
283 1319
282 1319
280 1321
279 1321
277 1323
276 1323
274 1325
273 1325
271 1327
270 1327
268 1329
267 1329
265 1331
264 1331
261 1334
260 1334
256 1338
255 1338
252 1341
251 1341
244 1348
243 1348
225 1366
225 1367
220 1372
220 1373
218 1375
218 1376
216 1378
216 1379
215 1380
215 1381
213 1383
213 1384
212 1385
212 1386
211 1387
211 1389
210 1390
210 1391
209 1392
209 1393
208 1394
208 1396
207 1397
207 1399
206 1400
206 1402
205 1403
205 1406
204 1407
204 1410
203 1411
203 1416
202 1417
202 1442
203 1443
203 1447
204 1448
204 1451
205 1452
205 1454
206 1455
206 1457
207 1458
207 1459
208 1460
208 1462
209 1463
209 1464
210 1465
210 1466
211 1467
211 1468
212 1469
212 1470
213 1471
213 1472
214 1473
214 1474
216 1476
216 1477
217 1478
217 1479
219 1481
219 1482
221 1484
221 1485
223 1487
223 1488
226 1491
226 1492
229 1495
229 1496
232 1499
232 1500
237 1505
237 1506
260 1529
261 1529
267 1535
268 1535
272 1539
273 1539
276 1542
277 1542
280 1545
281 1545
284 1548
285 1548
287 1550
288 1550
290 1552
291 1552
293 1554
294 1554
296 1556
297 1556
298 1557
299 1557
301 1559
302 1559
303 1560
304 1560
305 1561
306 1561
307 1562
308 1562
310 1564
311 1564
312 1565
313 1565
314 1566
315 1566
317 1568
318 1568
319 1569
320 1569
321 1570
322 1570
323 1571
324 1571
325 1572
326 1572
327 1573
328 1573
329 1574
330 1574
332 1576
333 1576
334 1577
335 1577
336 1578
337 1578
338 1579
339 1579
340 1580
341 1580
342 1581
343 1581
344 1582
345 1582
346 1583
347 1583
348 1584
350 1584
351 1585
352 1585
353 1586
354 1586
355 1587
356 1587
357 1588
358 1588
359 1589
361 1589
362 1590
363 1590
364 1591
365 1591
366 1592
368 1592
369 1593
370 1593
371 1594
373 1594
374 1595
375 1595
376 1596
378 1596
379 1597
380 1597
381 1598
383 1598
384 1599
385 1599
386 1600
388 1600
389 1601
391 1601
392 1602
393 1602
394 1603
396 1603
397 1604
399 1604
400 1605
402 1605
403 1606
404 1606
405 1607
407 1607
408 1608
410 1608
411 1609
413 1609
414 1610
416 1610
417 1611
420 1611
421 1612
423 1612
424 1613
427 1613
428 1614
430 1614
431 1615
434 1615
435 1616
438 1616
439 1617
442 1617
443 1618
445 1618
446 1619
449 1619
450 1620
453 1620
454 1621
457 1621
458 1622
461 1622
462 1623
465 1623
466 1624
469 1624
470 1625
474 1625
475 1626
478 1626
479 1627
483 1627
484 1628
489 1628
490 1629
494 1629
495 1630
500 1630
501 1631
506 1631
507 1632
513 1632
514 1633
519 1633
520 1634
527 1634
528 1635
535 1635
536 1636
544 1636
545 1637
553 1637
554 1638
564 1638
565 1639
574 1639
575 1640
585 1640
586 1641
597 1641
598 1642
610 1642
611 1643
619 1643
620 1644
619 1645
607 1645
606 1646
594 1646
593 1647
580 1647
579 1648
565 1648
564 1649
550 1649
549 1650
537 1650
536 1651
526 1651
525 1652
516 1652
515 1653
507 1653
506 1654
499 1654
498 1655
492 1655
491 1656
484 1656
483 1657
477 1657
476 1658
471 1658
470 1659
465 1659
464 1660
458 1660
457 1661
453 1661
452 1662
447 1662
446 1663
441 1663
440 1664
436 1664
435 1665
431 1665
430 1666
426 1666
425 1667
421 1667
420 1668
416 1668
415 1669
412 1669
411 1670
409 1670
408 1671
405 1671
404 1672
401 1672
400 1673
397 1673
396 1674
393 1674
392 1675
389 1675
388 1676
385 1676
384 1677
382 1677
381 1678
378 1678
377 1679
375 1679
374 1680
371 1680
370 1681
368 1681
367 1682
364 1682
363 1683
361 1683
360 1684
357 1684
356 1685
354 1685
353 1686
351 1686
350 1687
348 1687
347 1688
344 1688
343 1689
341 1689
340 1690
338 1690
337 1691
335 1691
334 1692
332 1692
331 1693
328 1693
327 1694
325 1694
324 1695
322 1695
321 1696
319 1696
318 1697
316 1697
315 1698
313 1698
312 1699
311 1699
310 1700
308 1700
307 1701
305 1701
304 1702
303 1702
302 1703
300 1703
299 1704
298 1704
297 1705
295 1705
294 1706
293 1706
292 1707
290 1707
289 1708
288 1708
287 1709
286 1709
285 1710
283 1710
282 1711
281 1711
280 1712
279 1712
278 1713
277 1713
276 1714
275 1714
274 1715
273 1715
272 1716
271 1716
270 1717
269 1717
268 1718
267 1718
266 1719
265 1719
264 1720
263 1720
262 1721
261 1721
260 1722
258 1722
257 1723
256 1723
255 1724
254 1724
253 1725
252 1725
251 1726
250 1726
249 1727
248 1727
247 1728
246 1728
244 1730
243 1730
242 1731
241 1731
239 1733
238 1733
237 1734
236 1734
234 1736
233 1736
232 1737
231 1737
229 1739
228 1739
226 1741
225 1741
224 1742
223 1742
221 1744
220 1744
218 1746
217 1746
216 1747
215 1747
213 1749
212 1749
210 1751
209 1751
207 1753
206 1753
204 1755
203 1755
201 1757
200 1757
199 1758
198 1758
196 1760
195 1760
193 1762
192 1762
190 1764
189 1764
187 1766
186 1766
184 1768
183 1768
181 1770
180 1770
178 1772
177 1772
175 1774
174 1774
172 1776
171 1776
168 1779
167 1779
164 1782
163 1782
160 1785
159 1785
156 1788
155 1788
153 1790
152 1790
149 1793
148 1793
144 1797
143 1797
138 1802
137 1802
129 1810
128 1810
96 1842
96 1843
89 1850
89 1851
83 1857
83 1858
79 1862
79 1863
75 1867
75 1868
71 1872
71 1873
68 1876
68 1877
64 1881
64 1882
61 1885
61 1886
58 1889
58 1890
56 1892
56 1893
53 1896
53 1897
51 1899
51 1900
49 1902
49 1903
47 1905
47 1906
45 1908
45 1909
43 1911
43 1912
41 1914
41 1915
39 1917
39 1918
37 1920
37 1921
35 1923
35 1924
34 1925
34 1926
32 1928
32 1929
31 1930
31 1931
29 1933
29 1934
28 1935
28 1936
26 1938
26 1939
25 1940
25 1941
24 1942
24 1943
23 1944
23 1945
22 1946
22 1947
21 1948
21 1950
20 1951
20 1952
19 1953
19 1955
18 1956
18 1957
17 1958
17 1960
16 1961
16 1963
15 1964
15 1965
14 1966
14 1968
12 1970
12 1971
11 1972
11 1973
10 1974
10 1976
9 1977
9 1978
8 1979
8 1981
7 1982
7 1983
6 1984
6 1986
5 1987
5 1989
4 1990
4 1991
3 1992
3 1993
2 1994
2 1996
1 1997
1 1999
0 2000
0 2182
1 2183
1 2184
2 2185
2 2187
3 2188
3 2189
4 2190
4 2191
5 2192
5 2194
6 2195
6 2196
7 2197
7 2199
8 2200
8 2202
9 2203
9 2204
10 2205
10 2206
11 2207
11 2209
13 2211
13 2212
14 2213
14 2214
15 2215
15 2216
16 2217
16 2218
17 2219
17 2220
18 2221
18 2222
19 2223
19 2224
20 2225
20 2226
21 2227
21 2228
22 2229
22 2230
23 2231
23 2232
24 2233
24 2234
26 2236
26 2237
27 2238
27 2239
28 2240
28 2241
30 2243
30 2244
32 2246
32 2247
33 2248
33 2249
35 2251
35 2252
37 2254
37 2255
39 2257
39 2258
41 2260
41 2261
43 2263
43 2264
45 2266
45 2267
47 2269
47 2270
50 2273
50 2274
52 2276
52 2277
55 2280
55 2281
58 2284
58 2285
61 2288
61 2289
66 2294
66 2295
75 2304
75 2305
108 2338
109 2338
121 2350
122 2350
127 2355
128 2355
131 2358
132 2358
134 2360
135 2360
138 2363
139 2363
141 2365
142 2365
144 2367
145 2367
147 2369
148 2369
150 2371
151 2371
152 2372
153 2372
155 2374
156 2374
158 2376
159 2376
160 2377
161 2377
163 2379
164 2379
165 2380
166 2380
168 2382
169 2382
170 2383
171 2383
173 2385
174 2385
175 2386
176 2386
177 2387
178 2387
179 2388
180 2388
181 2389
182 2389
184 2391
185 2391
186 2392
187 2392
188 2393
189 2393
190 2394
191 2394
192 2395
193 2395
194 2396
195 2396
196 2397
197 2397
198 2398
199 2398
200 2399
838 2399
839 2398
840 2398
841 2397
842 2397
843 2396
844 2396
845 2395
846 2395
847 2394
848 2394
849 2393
850 2393
851 2392
852 2392
853 2391
854 2391
855 2390
856 2390
857 2389
858 2389
859 2388
860 2388
861 2387
862 2387
864 2385
865 2385
866 2384
867 2384
868 2383
869 2383
870 2382
871 2382
873 2380
874 2380
875 2379
876 2379
878 2377
879 2377
880 2376
881 2376
883 2374
884 2374
886 2372
887 2372
888 2371
889 2371
891 2369
892 2369
894 2367
895 2367
897 2365
898 2365
900 2363
901 2363
902 2362
903 2362
905 2360
906 2360
908 2358
909 2358
911 2356
912 2356
914 2354
915 2354
918 2351
919 2351
921 2349
922 2349
924 2347
925 2347
928 2344
929 2344
931 2342
932 2342
935 2339
936 2339
939 2336
940 2336
943 2333
944 2333
948 2329
949 2329
953 2325
954 2325
958 2321
959 2321
963 2317
964 2317
969 2312
970 2312
976 2306
977 2306
983 2300
984 2300
993 2291
994 2291
1027 2258
1027 2257
1037 2247
1037 2246
1045 2238
1045 2237
1052 2230
1052 2229
1057 2224
1057 2223
1061 2219
1061 2218
1064 2215
1064 2214
1067 2211
1067 2210
1070 2207
1070 2206
1072 2204
1072 2203
1075 2200
1075 2199
1077 2197
1077 2196
1079 2194
1079 1737
1078 1737
1074 1733
1073 1733
1070 1730
1069 1730
1066 1727
1065 1727
1062 1724
1061 1724
1059 1722
1058 1722
1056 1720
1055 1720
1053 1718
1052 1718
1050 1716
1049 1716
1047 1714
1046 1714
1044 1712
1043 1712
1042 1711
1041 1711
1039 1709
1038 1709
1036 1707
1035 1707
1034 1706
1033 1706
1031 1704
1030 1704
1029 1703
1028 1703
1027 1702
1026 1702
1024 1700
1023 1700
1022 1699
1021 1699
1020 1698
1019 1698
1018 1697
1017 1697
1016 1696
1015 1696
1014 1695
1013 1695
1012 1694
1011 1694
1010 1693
1009 1693
1008 1692
1007 1692
1006 1691
1005 1691
1004 1690
1003 1690
1002 1689
1001 1689
1000 1688
999 1688
998 1687
997 1687
996 1686
995 1686
994 1685
993 1685
992 1684
990 1684
989 1683
988 1683
987 1682
986 1682
985 1681
984 1681
983 1680
981 1680
980 1679
979 1679
978 1678
976 1678
975 1677
974 1677
973 1676
971 1676
970 1675
969 1675
968 1674
966 1674
965 1673
963 1673
962 1672
960 1672
959 1671
957 1671
956 1670
954 1670
953 1669
952 1669
951 1668
949 1668
948 1667
946 1667
945 1666
942 1666
941 1665
937 1665
936 1664
933 1664
932 1663
928 1663
927 1662
924 1662
923 1661
919 1661
918 1660
913 1660
912 1659
908 1659
907 1658
903 1658
902 1657
897 1657
896 1656
892 1656
891 1655
886 1655
885 1654
880 1654
879 1653
873 1653
872 1652
866 1652
865 1651
857 1651
856 1650
848 1650
847 1649
837 1649
836 1648
824 1648
823 1647
810 1647
809 1646
797 1646
796 1645
783 1645
782 1644
765 1644
764 1643
741 1643
740 1642
734 1642
733 1641
734 1640
739 1640
740 1639
744 1639
745 1638
748 1638
749 1637
752 1637
753 1636
756 1636
757 1635
760 1635
761 1634
763 1634
764 1633
767 1633
768 1632
770 1632
771 1631
773 1631
774 1630
776 1630
777 1629
779 1629
780 1628
781 1628
782 1627
784 1627
785 1626
787 1626
788 1625
789 1625
790 1624
792 1624
793 1623
794 1623
795 1622
796 1622
797 1621
799 1621
800 1620
801 1620
802 1619
803 1619
804 1618
805 1618
806 1617
808 1617
809 1616
810 1616
811 1615
812 1615
813 1614
814 1614
815 1613
816 1613
818 1611
819 1611
820 1610
821 1610
822 1609
823 1609
824 1608
825 1608
827 1606
828 1606
829 1605
830 1605
831 1604
832 1604
833 1603
834 1603
835 1602
836 1602
838 1600
839 1600
840 1599
841 1599
843 1597
844 1597
845 1596
846 1596
848 1594
849 1594
851 1592
852 1592
854 1590
855 1590
857 1588
858 1588
860 1586
861 1586
865 1582
866 1582
870 1578
871 1578
876 1573
877 1573
895 1555
895 1554
899 1550
899 1549
903 1545
903 1544
905 1542
905 1541
907 1539
907 1538
909 1536
909 1535
910 1534
910 1533
911 1532
911 1531
912 1530
912 1529
913 1528
913 1527
914 1526
914 1524
915 1523
915 1522
916 1521
916 1519
917 1518
917 1516
918 1515
918 1513
919 1512
919 1509
920 1508
920 1505
921 1504
921 1498
922 1497
922 1480
921 1479
921 1473
920 1472
920 1468
919 1467
919 1465
918 1464
918 1461
917 1460
917 1458
916 1457
916 1456
915 1455
915 1453
914 1452
914 1451
913 1450
913 1449
912 1448
912 1446
911 1445
911 1444
910 1443
910 1442
909 1441
909 1440
907 1438
907 1437
906 1436
906 1435
905 1434
905 1433
903 1431
903 1430
900 1427
900 1426
898 1424
898 1423
896 1421
896 1420
894 1418
894 1417
891 1414
891 1413
888 1410
888 1409
885 1406
885 1405
882 1402
882 1401
878 1397
878 1396
873 1391
873 1390
864 1381
864 1380
856 1372
855 1372
846 1363
845 1363
841 1359
840 1359
835 1354
834 1354
831 1351
830 1351
827 1348
826 1348
822 1344
821 1344
819 1342
818 1342
816 1340
815 1340
813 1338
812 1338
810 1336
809 1336
808 1335
807 1335
805 1333
804 1333
802 1331
801 1331
800 1330
799 1330
797 1328
796 1328
795 1327
794 1327
793 1326
792 1326
790 1324
789 1324
788 1323
787 1323
786 1322
785 1322
784 1321
783 1321
782 1320
781 1320
779 1318
778 1318
777 1317
776 1317
775 1316
774 1316
773 1315
772 1315
771 1314
770 1314
769 1313
768 1313
767 1312
766 1312
765 1311
764 1311
763 1310
761 1310
760 1309
759 1309
758 1308
757 1308
756 1307
755 1307
754 1306
753 1306
752 1305
750 1305
749 1304
748 1304
747 1303
746 1303
745 1302
744 1302
743 1301
742 1301
741 1300
739 1300
738 1299
737 1299
736 1298
735 1298
734 1297
732 1297
731 1296
730 1296
729 1295
727 1295
726 1294
724 1294
723 1293
721 1293
720 1292
718 1292
717 1291
715 1291
714 1290
712 1290
711 1289
709 1289
708 1288
705 1288
704 1287
702 1287
701 1286
698 1286
697 1285
695 1285
694 1284
691 1284
690 1283
688 1283
687 1282
684 1282
683 1281
680 1281
679 1280
676 1280
675 1279
672 1279
671 1278
667 1278
666 1277
663 1277
662 1276
658 1276
657 1275
653 1275
652 1274
648 1274
647 1273
642 1273
641 1272
637 1272
636 1271
631 1271
630 1270
624 1270
623 1269
615 1269
614 1268
615 1267
621 1267
622 1266
627 1266
628 1265
632 1265
633 1264
636 1264
637 1263
641 1263
642 1262
644 1262
645 1261
648 1261
649 1260
651 1260
652 1259
655 1259
656 1258
658 1258
660 1256
662 1256
663 1255
665 1255
666 1254
668 1254
669 1253
671 1253
672 1252
673 1252
674 1251
676 1251
677 1250
678 1250
679 1249
680 1249
681 1248
683 1248
684 1247
685 1247
686 1246
687 1246
688 1245
689 1245
690 1244
691 1244
692 1243
693 1243
694 1242
695 1242
696 1241
697 1241
698 1240
699 1240
700 1239
701 1239
702 1238
703 1238
704 1237
705 1237
706 1236
707 1236
708 1235
709 1235
711 1233
712 1233
713 1232
714 1232
716 1230
717 1230
719 1228
720 1228
721 1227
722 1227
724 1225
725 1225
728 1222
729 1222
731 1220
732 1220
735 1217
736 1217
739 1214
740 1214
744 1210
745 1210
752 1203
753 1203
756 1200
757 1200
772 1185
772 1184
780 1176
780 1175
784 1171
784 1170
787 1167
787 1166
790 1163
790 1162
793 1159
793 1158
795 1156
795 1155
797 1153
797 1152
799 1150
799 1149
801 1147
801 1146
802 1145
802 1144
804 1142
804 1141
805 1140
805 1139
807 1137
807 1136
808 1135
808 1134
809 1133
809 1132
810 1131
810 1130
811 1129
811 1128
812 1127
812 1126
813 1125
813 1124
814 1123
814 1122
815 1121
815 1120
816 1119
816 1118
817 1117
817 1116
818 1115
818 1114
819 1113
819 1112
820 1111
820 1109
821 1108
821 1107
822 1106
822 1104
823 1103
823 1102
824 1101
824 1099
825 1098
825 1097
826 1096
826 1094
827 1093
827 1091
828 1090
828 1088
829 1087
829 1085
830 1084
830 1082
831 1081
831 1079
832 1078
832 1075
833 1074
833 1072
834 1071
834 1068
835 1067
835 1064
836 1063
836 1060
837 1059
837 1055
838 1054
838 1049
839 1048
839 1043
840 1042
840 1035
841 1034
841 1024
842 1023
842 984
841 983
841 974
840 973
840 966
839 965
839 959
838 958
838 954
837 953
837 949
836 948
836 944
835 943
835 941
834 940
834 937
833 936
833 934
832 933
832 930
831 929
831 927
830 926
830 924
829 923
829 921
828 920
828 918
827 917
827 915
826 914
826 912
825 911
825 909
824 908
824 907
823 906
823 904
822 903
822 902
821 901
821 900
820 899
820 897
819 896
819 895
818 894
818 893
817 892
817 891
816 890
816 888
815 887
815 886
814 885
814 884
813 883
813 882
812 881
812 880
811 879
811 878
809 876
809 875
808 874
808 873
807 872
807 871
806 870
806 869
804 867
804 866
803 865
803 864
801 862
801 861
799 859
799 858
797 856
797 855
796 854
796 853
793 850
793 849
791 847
791 846
788 843
788 842
785 839
785 838
780 833
780 832
774 826
774 825
756 807
755 807
751 803
750 803
744 797
743 797
739 793
738 793
735 790
734 790
732 788
731 788
728 785
727 785
725 783
724 783
722 781
721 781
719 779
718 779
717 778
716 778
714 776
713 776
712 775
711 775
709 773
708 773
707 772
706 772
705 771
704 771
703 770
702 770
701 769
700 769
698 767
697 767
696 766
695 766
694 765
693 765
692 764
691 764
690 763
688 763
687 762
686 762
685 761
684 761
683 760
682 760
681 759
680 759
679 758
678 758
677 757
675 757
674 756
673 756
672 755
671 755
670 754
668 754
667 753
665 753
664 752
662 752
661 751
659 751
658 750
656 750
655 749
653 749
652 748
650 748
649 747
646 747
645 746
642 746
641 745
638 745
637 744
633 744
632 743
628 743
627 742
623 742
622 741
617 741
616 740
609 740
608 739
599 739
598 738
593 738
592 737

