531 676
530 677
522 677
521 678
515 678
514 679
510 679
509 680
506 680
505 681
502 681
501 682
498 682
497 683
496 683
495 684
492 684
491 685
489 685
488 686
487 686
486 687
484 687
483 688
481 688
480 689
478 689
477 690
475 690
474 691
473 691
472 692
470 692
469 693
468 693
467 694
466 694
465 695
464 695
463 696
461 696
460 697
459 697
458 698
457 698
456 699
455 699
454 700
453 700
452 701
451 701
450 702
449 702
448 703
447 703
446 704
445 704
443 706
442 706
441 707
440 707
439 708
438 708
436 710
435 710
434 711
433 711
432 712
431 712
429 714
428 714
427 715
426 715
423 718
422 718
420 720
419 720
416 723
415 723
413 725
412 725
408 729
407 729
401 735
400 735
394 741
393 741
393 742
392 743
391 743
391 744
385 750
384 750
384 752
383 753
382 753
382 754
380 756
379 756
379 757
377 759
377 760
372 765
372 766
370 768
370 769
368 771
368 772
365 775
365 776
364 777
364 778
363 779
363 780
361 782
361 783
360 784
360 785
358 787
358 789
356 791
355 791
354 790
347 790
346 789
342 789
341 788
336 788
335 787
328 787
327 786
323 786
322 785
316 785
315 784
308 784
307 783
302 783
301 782
295 782
294 781
286 781
285 780
279 780
278 779
272 779
271 778
264 778
263 777
257 777
256 776
248 776
247 775
239 775
238 774
231 774
230 773
220 773
219 772
209 772
208 771
198 771
197 770
179 770
178 769
157 769
156 768
110 768
109 769
92 769
91 770
79 770
78 771
72 771
71 772
66 772
65 773
60 773
59 774
56 774
55 775
51 775
50 776
46 776
45 777
44 777
43 778
40 778
39 779
37 779
36 780
34 780
33 781
32 781
31 782
30 782
28 784
27 784
26 785
25 785
22 788
21 788
18 791
18 792
16 794
16 795
14 797
14 798
13 799
13 801
12 802
12 811
13 812
13 814
15 816
15 817
16 818
16 819
18 821
18 823
25 830
25 831
26 831
27 832
27 833
28 833
32 837
33 837
36 840
37 840
41 844
42 844
44 846
45 846
48 849
50 849
53 852
54 852
55 853
56 853
59 856
60 856
61 857
62 857
63 858
64 858
66 860
67 860
68 861
69 861
71 863
72 863
73 864
74 864
75 865
76 865
78 867
79 867
80 868
81 868
82 869
83 869
84 870
85 870
86 871
87 871
88 872
89 872
90 873
91 873
93 875
94 875
95 876
96 876
97 877
99 877
100 878
101 878
102 879
103 879
104 880
105 880
106 881
107 881
108 882
110 882
112 884
113 884
114 885
116 885
118 887
120 887
121 888
123 888
125 890
127 890
128 891
129 891
130 892
131 892
132 893
134 893
135 894
136 894
137 895
138 895
139 896
141 896
142 897
143 897
144 898
145 898
146 899
148 899
149 900
150 900
151 901
153 901
154 902
155 902
156 903
158 903
159 904
160 904
161 905
163 905
164 906
166 906
167 907
168 907
169 908
170 908
171 909
173 909
174 910
176 910
177 911
178 911
179 912
181 912
182 913
183 913
184 914
185 914
186 915
189 915
190 916
191 916
192 917
194 917
195 918
197 918
198 919
199 919
200 920
202 920
203 921
205 921
206 922
207 922
208 923
210 923
211 924
213 924
214 925
215 925
216 926
218 926
219 927
222 927
223 928
224 928
225 929
227 929
228 930
230 930
231 931
232 931
233 932
236 932
237 933
239 933
240 934
241 934
242 935
244 935
245 936
248 936
249 937
250 937
251 938
253 938
254 939
257 939
258 940
260 940
261 941
263 941
264 942
266 942
267 943
269 943
270 944
272 944
273 945
276 945
277 946
278 946
279 947
282 947
283 948
285 948
286 949
288 949
289 950
291 950
292 951
294 951
295 952
297 952
298 953
301 953
302 954
303 954
304 955
306 955
307 956
310 956
311 957
313 957
314 958
316 958
317 959
319 959
320 960
322 960
323 961
325 961
326 962
329 962
330 963
332 963
333 964
335 964
336 965
339 965
340 966
342 966
345 969
345 970
347 972
347 975
349 977
349 980
351 982
351 985
352 986
352 987
353 988
353 989
355 991
355 992
356 993
356 994
357 995
357 996
358 997
358 999
361 1002
361 1003
363 1005
363 1006
364 1007
364 1008
365 1009
365 1010
368 1013
368 1014
370 1016
370 1017
372 1019
372 1020
375 1023
375 1024
376 1024
377 1025
377 1027
382 1032
382 1033
383 1033
384 1034
384 1036
385 1036
386 1037
386 1038
387 1039
388 1039
389 1040
389 1041
391 1043
391 1044
392 1044
393 1045
393 1046
394 1046
398 1050
398 1051
399 1051
407 1059
408 1059
412 1063
413 1063
415 1065
416 1065
419 1068
420 1068
422 1070
423 1070
424 1071
424 1072
425 1072
426 1073
427 1073
429 1075
430 1075
431 1076
431 1077
432 1077
433 1078
434 1078
435 1079
436 1079
438 1081
439 1081
440 1082
441 1082
442 1083
443 1083
445 1085
446 1085
447 1086
448 1086
449 1087
450 1087
452 1089
453 1089
454 1090
456 1090
458 1092
460 1092
461 1093
462 1093
463 1094
464 1094
465 1095
467 1095
468 1096
469 1096
470 1097
471 1097
472 1098
474 1098
475 1099
477 1099
478 1100
479 1100
480 1101
483 1101
484 1102
486 1102
487 1103
489 1103
490 1104
493 1104
494 1105
496 1105
497 1106
500 1106
501 1107
505 1107
506 1108
510 1108
511 1109
516 1109
517 1110
525 1110
526 1111
535 1111
536 1112
535 1113
531 1113
530 1114
527 1114
526 1115
522 1115
521 1116
519 1116
518 1117
516 1117
515 1118
511 1118
510 1119
508 1119
507 1120
505 1120
504 1121
501 1121
500 1122
498 1122
497 1123
495 1123
494 1124
491 1124
490 1125
488 1125
487 1126
485 1126
484 1127
482 1127
481 1128
478 1128
477 1129
475 1129
474 1130
472 1130
471 1131
469 1131
468 1132
466 1132
465 1133
462 1133
461 1134
459 1134
458 1135
456 1135
455 1136
452 1136
451 1137
450 1137
449 1138
446 1138
445 1139
443 1139
442 1140
440 1140
439 1141
438 1141
437 1142
435 1142
434 1143
433 1143
432 1144
431 1144
430 1145
427 1145
426 1146
424 1146
422 1148
419 1148
418 1149
417 1149
416 1150
415 1150
414 1151
412 1151
411 1152
410 1152
409 1153
408 1153
407 1154
405 1154
404 1155
403 1155
402 1156
401 1156
400 1157
398 1157
397 1158
396 1158
395 1159
394 1159
393 1160
391 1160
389 1162
387 1162
386 1163
385 1163
383 1165
381 1165
380 1166
379 1166
378 1167
377 1167
376 1168
375 1168
374 1169
372 1169
371 1170
370 1170
368 1172
366 1172
364 1174
363 1174
362 1175
361 1175
360 1176
359 1176
358 1177
357 1177
356 1178
355 1178
353 1180
351 1180
349 1182
348 1182
347 1183
346 1183
345 1184
344 1184
342 1186
341 1186
340 1187
339 1187
337 1189
336 1189
335 1190
334 1190
332 1192
331 1192
330 1193
329 1193
327 1195
326 1195
325 1196
324 1196
324 1197
323 1198
321 1198
318 1201
317 1201
315 1203
314 1203
312 1205
311 1205
311 1206
310 1207
309 1207
308 1208
307 1208
305 1210
304 1210
304 1211
303 1212
302 1212
301 1213
300 1213
294 1219
293 1219
288 1224
287 1224
281 1230
280 1230
273 1237
272 1237
272 1238
269 1241
268 1241
264 1245
264 1246
262 1248
261 1248
261 1249
259 1251
258 1251
258 1253
251 1260
251 1262
249 1264
249 1265
247 1267
247 1268
244 1271
244 1273
243 1274
243 1275
241 1277
241 1278
240 1279
240 1280
239 1281
239 1282
238 1283
238 1284
237 1285
237 1288
236 1289
236 1290
235 1291
235 1294
234 1295
234 1297
233 1298
233 1301
232 1302
232 1310
231 1311
231 1317
232 1318
232 1325
233 1326
233 1330
234 1331
234 1332
235 1333
235 1336
236 1337
236 1338
237 1339
237 1342
238 1343
238 1344
240 1346
240 1348
242 1350
242 1351
244 1353
244 1355
249 1360
249 1361
250 1361
251 1362
251 1364
252 1364
254 1366
254 1367
255 1367
256 1368
256 1369
257 1369
258 1370
258 1371
259 1372
260 1372
266 1378
267 1378
270 1381
271 1381
273 1383
274 1383
277 1386
278 1386
279 1387
280 1387
281 1388
282 1388
284 1390
285 1390
286 1391
287 1391
289 1393
290 1393
291 1394
292 1394
294 1396
296 1396
298 1398
299 1398
300 1399
301 1399
302 1400
303 1400
304 1401
305 1401
306 1402
308 1402
309 1403
310 1403
311 1404
312 1404
313 1405
316 1405
317 1406
318 1406
319 1407
321 1407
322 1408
325 1408
326 1409
328 1409
329 1410
331 1410
332 1411
336 1411
337 1412
339 1412
340 1413
343 1413
344 1414
348 1414
349 1415
351 1415
352 1416
355 1416
356 1417
362 1417
363 1418
367 1418
368 1419
374 1419
375 1420
383 1420
384 1421
391 1421
392 1422
405 1422
406 1423
443 1423
444 1424
443 1425
437 1425
436 1426
431 1426
430 1427
425 1427
424 1428
419 1428
418 1429
412 1429
411 1430
408 1430
407 1431
400 1431
399 1432
395 1432
394 1433
390 1433
389 1434
383 1434
382 1435
377 1435
376 1436
372 1436
371 1437
365 1437
364 1438
359 1438
358 1439
354 1439
353 1440
348 1440
347 1441
343 1441
342 1442
338 1442
337 1443
331 1443
330 1444
327 1444
326 1445
324 1445
323 1446
319 1446
318 1447
315 1447
314 1448
312 1448
311 1449
307 1449
306 1450
303 1450
302 1451
298 1451
297 1452
293 1452
292 1453
289 1453
288 1454
285 1454
284 1455
280 1455
279 1456
276 1456
275 1457
272 1457
271 1458
268 1458
267 1459
264 1459
263 1460
260 1460
259 1461
256 1461
255 1462
252 1462
251 1463
249 1463
248 1464
245 1464
244 1465
242 1465
241 1466
239 1466
238 1467
235 1467
234 1468
233 1468
232 1469
230 1469
229 1470
226 1470
225 1471
223 1471
222 1472
220 1472
219 1473
217 1473
216 1474
214 1474
213 1475
211 1475
210 1476
208 1476
207 1477
205 1477
204 1478
203 1478
202 1479
199 1479
198 1480
197 1480
196 1481
194 1481
193 1482
191 1482
190 1483
189 1483
188 1484
186 1484
185 1485
184 1485
183 1486
181 1486
180 1487
178 1487
177 1488
176 1488
175 1489
174 1489
173 1490
171 1490
170 1491
169 1491
168 1492
166 1492
165 1493
164 1493
163 1494
162 1494
161 1495
159 1495
158 1496
157 1496
156 1497
155 1497
154 1498
153 1498
152 1499
151 1499
150 1500
149 1500
148 1501
146 1501
145 1502
144 1502
143 1503
142 1503
141 1504
140 1504
139 1505
138 1505
137 1506
136 1506
135 1507
134 1507
133 1508
132 1508
130 1510
129 1510
128 1511
127 1511
126 1512
125 1512
124 1513
123 1513
122 1514
121 1514
119 1516
118 1516
117 1517
116 1517
114 1519
113 1519
112 1520
111 1520
108 1523
107 1523
106 1524
105 1524
103 1526
102 1526
99 1529
98 1529
96 1531
95 1531
92 1534
91 1534
87 1538
86 1538
80 1544
79 1544
78 1545
78 1546
77 1547
76 1547
71 1552
71 1553
70 1554
69 1554
69 1555
68 1556
67 1556
67 1557
66 1558
65 1558
65 1560
64 1561
63 1561
62 1562
62 1563
61 1564
60 1564
60 1565
58 1567
58 1568
55 1571
55 1572
53 1574
53 1575
51 1577
51 1579
48 1582
48 1584
46 1586
46 1587
45 1588
45 1589
44 1590
44 1593
43 1594
43 1596
42 1597
41 1597
41 1601
40 1602
40 1603
39 1604
39 1610
38 1611
38 1617
37 1618
37 1631
38 1632
38 1638
39 1639
39 1645
40 1646
40 1648
41 1649
41 1652
43 1654
43 1655
44 1656
44 1659
45 1660
45 1662
46 1663
46 1664
48 1666
48 1667
49 1668
49 1669
51 1671
51 1672
52 1673
52 1674
53 1675
53 1676
54 1676
55 1677
55 1678
58 1681
58 1682
67 1691
68 1691
69 1692
69 1693
70 1693
72 1695
73 1695
76 1698
77 1698
81 1702
82 1702
85 1705
86 1705
88 1707
89 1707
92 1710
93 1710
95 1712
96 1712
98 1714
99 1714
101 1716
102 1716
104 1718
105 1718
106 1719
107 1719
109 1721
110 1721
111 1722
112 1722
114 1724
115 1724
116 1725
117 1725
118 1726
119 1726
120 1727
121 1727
122 1728
123 1728
125 1730
127 1730
128 1731
129 1731
130 1732
131 1732
132 1733
133 1733
134 1734
136 1734
138 1736
140 1736
141 1737
142 1737
143 1738
144 1738
145 1739
147 1739
148 1740
150 1740
151 1741
152 1741
153 1742
155 1742
156 1743
157 1743
158 1744
159 1744
160 1745
163 1745
164 1746
165 1746
166 1747
168 1747
169 1748
171 1748
172 1749
174 1749
175 1750
177 1750
178 1751
180 1751
181 1752
183 1752
184 1753
186 1753
187 1754
190 1754
191 1755
194 1755
195 1756
197 1756
198 1757
201 1757
202 1758
204 1758
205 1759
208 1759
209 1760
212 1760
213 1761
216 1761
217 1762
220 1762
221 1763
224 1763
225 1764
228 1764
229 1765
232 1765
233 1766
236 1766
237 1767
240 1767
241 1768
245 1768
246 1769
250 1769
251 1770
254 1770
255 1771
259 1771
260 1772
264 1772
265 1773
270 1773
271 1774
276 1774
277 1775
283 1775
284 1776
289 1776
290 1777
297 1777
298 1778
303 1778
304 1779
310 1779
311 1780
319 1780
320 1781
329 1781
330 1782
337 1782
338 1783
347 1783
348 1784
356 1784
357 1785
366 1785
367 1786
379 1786
380 1787
390 1787
391 1788
405 1788
406 1789
429 1789
430 1790
491 1790
492 1789
502 1789
503 1790
502 1791
500 1791
499 1792
497 1792
496 1793
494 1793
493 1794
491 1794
490 1795
489 1795
488 1796
486 1796
485 1797
483 1797
482 1798
480 1798
479 1799
477 1799
476 1800
475 1800
474 1801
471 1801
469 1803
466 1803
465 1804
464 1804
463 1805
461 1805
460 1806
458 1806
457 1807
456 1807
455 1808
453 1808
452 1809
450 1809
449 1810
447 1810
446 1811
445 1811
444 1812
442 1812
441 1813
440 1813
439 1814
438 1814
437 1815
434 1815
433 1816
431 1816
429 1818
426 1818
425 1819
424 1819
423 1820
422 1820
421 1821
419 1821
418 1822
417 1822
416 1823
414 1823
413 1824
412 1824
411 1825
410 1825
409 1826
407 1826
406 1827
405 1827
404 1828
403 1828
402 1829
401 1829
400 1830
398 1830
396 1832
395 1832
394 1833
392 1833
390 1835
389 1835
388 1836
386 1836
385 1837
384 1837
383 1838
382 1838
381 1839
380 1839
379 1840
378 1840
376 1842
374 1842
373 1843
372 1843
371 1844
370 1844
368 1846
367 1846
366 1847
365 1847
364 1848
363 1848
362 1849
361 1849
359 1851
357 1851
355 1853
354 1853
353 1854
352 1854
350 1856
349 1856
348 1857
347 1857
346 1858
345 1858
343 1860
342 1860
341 1861
340 1861
338 1863
337 1863
336 1864
335 1864
334 1865
333 1865
330 1868
329 1868
328 1869
327 1869
325 1871
324 1871
322 1873
321 1873
320 1874
319 1874
316 1877
315 1877
313 1879
312 1879
309 1882
308 1882
306 1884
305 1884
302 1887
301 1887
299 1889
298 1889
295 1892
294 1892
292 1894
291 1894
291 1895
290 1896
289 1896
287 1898
286 1898
281 1903
280 1903
278 1905
277 1905
277 1906
276 1907
275 1907
273 1909
272 1909
271 1910
271 1911
270 1912
269 1912
266 1915
265 1915
265 1916
263 1918
262 1918
259 1921
258 1921
258 1922
255 1925
254 1925
254 1926
253 1927
252 1927
251 1928
251 1929
250 1930
249 1930
244 1935
244 1936
243 1937
242 1937
237 1942
237 1943
236 1944
235 1944
235 1945
225 1955
225 1956
221 1960
221 1961
220 1962
219 1962
219 1963
216 1966
216 1967
212 1971
212 1972
211 1973
211 1974
210 1975
209 1975
209 1976
207 1978
207 1979
205 1981
205 1982
204 1983
204 1984
202 1986
202 1987
199 1990
199 1991
198 1992
198 1993
197 1994
197 1995
196 1996
195 1996
195 1998
193 2000
193 2001
191 2003
191 2005
188 2008
188 2009
187 2010
187 2011
186 2012
186 2013
185 2014
185 2015
184 2016
184 2018
183 2019
183 2020
181 2022
181 2024
180 2025
180 2026
179 2027
179 2028
178 2029
178 2030
177 2031
177 2033
176 2034
177 2035
176 2036
176 2037
174 2039
174 2042
173 2043
173 2045
172 2046
172 2050
171 2051
171 2054
170 2055
170 2060
169 2061
169 2064
168 2065
168 2069
167 2070
167 2097
168 2098
168 2101
169 2102
169 2106
170 2107
170 2111
171 2112
171 2114
172 2115
172 2118
173 2119
173 2120
174 2121
174 2124
177 2127
177 2130
178 2131
178 2132
179 2133
179 2134
181 2136
181 2137
183 2139
183 2140
184 2141
184 2142
186 2144
186 2145
191 2150
191 2151
193 2153
193 2154
194 2154
195 2155
195 2156
196 2156
198 2158
198 2159
207 2168
208 2168
209 2169
209 2170
210 2170
214 2174
215 2174
219 2178
220 2178
221 2179
222 2179
226 2183
227 2183
228 2184
229 2184
232 2187
233 2187
235 2189
236 2189
238 2191
239 2191
240 2192
241 2192
242 2193
243 2193
245 2195
246 2195
247 2196
249 2196
250 2197
251 2197
252 2198
253 2198
254 2199
256 2199
257 2200
259 2200
260 2201
262 2201
263 2202
264 2202
265 2203
268 2203
269 2204
270 2204
271 2205
274 2205
275 2206
277 2206
278 2207
281 2207
282 2208
284 2208
285 2209
289 2209
290 2210
292 2210
293 2211
297 2211
298 2212
301 2212
302 2213
305 2213
306 2214
310 2214
311 2215
315 2215
316 2216
319 2216
320 2217
325 2217
326 2218
331 2218
332 2219
336 2219
337 2220
343 2220
344 2221
350 2221
351 2222
356 2222
357 2223
365 2223
366 2224
374 2224
375 2225
383 2225
384 2226
397 2226
398 2227
413 2227
414 2228
472 2228
473 2227
487 2227
488 2226
500 2226
501 2225
509 2225
510 2224
517 2224
518 2223
524 2223
525 2222
530 2222
531 2221
537 2221
538 2220
542 2220
543 2219
546 2219
547 2218
551 2218
552 2217
557 2217
558 2216
560 2216
561 2215
564 2215
565 2214
569 2214
570 2213
572 2213
573 2212
576 2212
577 2211
580 2211
581 2210
583 2210
584 2209
586 2209
587 2208
590 2208
591 2207
592 2207
593 2206
596 2206
597 2205
598 2205
599 2204
601 2204
602 2203
604 2203
605 2202
607 2202
608 2201
610 2201
611 2200
613 2200
614 2199
616 2199
617 2198
618 2198
619 2197
621 2197
622 2196
624 2196
625 2195
626 2195
627 2194
629 2194
630 2193
631 2193
632 2192
634 2192
635 2191
637 2191
638 2190
639 2190
640 2189
642 2189
643 2188
644 2188
645 2187
647 2187
648 2186
649 2186
650 2185
652 2185
653 2184
654 2184
655 2183
657 2183
658 2182
659 2182
660 2181
661 2181
662 2180
664 2180
665 2179
666 2179
667 2178
669 2178
670 2177
671 2177
672 2176
673 2176
674 2175
676 2175
678 2173
680 2173
681 2172
682 2172
683 2171
684 2171
685 2170
686 2170
687 2169
689 2169
690 2168
691 2168
692 2167
693 2167
694 2166
695 2166
696 2165
697 2165
698 2164
699 2164
700 2163
701 2163
702 2162
703 2162
704 2161
705 2161
706 2160
707 2160
708 2159
709 2159
710 2158
711 2158
713 2156
714 2156
715 2155
717 2155
719 2153
720 2153
721 2152
722 2152
723 2151
724 2151
726 2149
727 2149
728 2148
729 2148
730 2147
731 2147
733 2145
734 2145
735 2144
736 2144
738 2142
739 2142
741 2140
742 2140
743 2139
744 2139
746 2137
747 2137
748 2136
749 2136
752 2133
753 2133
754 2132
755 2132
758 2129
759 2129
760 2128
761 2128
764 2125
765 2125
767 2123
768 2123
769 2122
770 2122
770 2121
771 2120
772 2120
774 2118
775 2118
776 2117
777 2117
777 2116
778 2115
779 2115
781 2113
782 2113
787 2108
789 2108
789 2107
790 2106
791 2106
795 2102
796 2102
801 2097
802 2097
808 2091
809 2091
815 2085
816 2085
817 2084
817 2083
818 2082
819 2082
823 2078
824 2078
824 2077
827 2074
828 2074
828 2073
829 2072
830 2072
831 2071
831 2070
832 2069
833 2069
833 2068
834 2067
835 2067
838 2064
838 2063
839 2062
840 2062
840 2061
841 2060
842 2060
843 2059
843 2058
850 2051
850 2050
851 2049
852 2049
852 2048
857 2043
857 2042
858 2041
859 2041
859 2040
860 2039
861 2039
861 2038
864 2035
864 2034
865 2033
866 2033
866 2032
870 2028
870 2026
872 2024
873 2024
873 2023
877 2019
877 2017
880 2014
880 2013
882 2011
882 2010
884 2008
884 2007
885 2006
885 2005
887 2003
887 2002
888 2001
888 2000
889 1999
889 1998
891 1996
891 1994
892 1993
892 1992
894 1990
894 1988
896 1986
896 1984
897 1983
897 1982
898 1981
898 1979
900 1977
900 1976
901 1975
901 1974
902 1973
902 1972
903 1971
903 1969
904 1968
904 1966
905 1965
905 1963
906 1962
906 1961
907 1960
907 1959
908 1958
908 1955
910 1953
910 1946
911 1945
911 1942
912 1941
912 1939
913 1938
913 1934
914 1933
914 1929
915 1928
915 1890
914 1889
914 1886
913 1885
913 1881
912 1880
912 1878
911 1877
911 1876
910 1875
910 1870
908 1868
908 1866
906 1864
906 1863
905 1862
905 1861
904 1860
904 1859
903 1858
903 1856
901 1854
901 1853
898 1850
898 1849
897 1848
897 1847
894 1844
894 1843
891 1840
891 1839
890 1838
890 1837
884 1831
884 1830
873 1819
872 1819
870 1817
870 1816
869 1816
866 1813
865 1813
862 1810
861 1810
859 1808
858 1808
856 1806
855 1806
852 1803
851 1803
849 1801
848 1801
847 1800
846 1800
845 1799
844 1799
842 1797
841 1797
840 1796
839 1796
838 1795
837 1795
836 1794
834 1794
833 1793
832 1793
831 1792
830 1792
829 1791
828 1791
827 1790
826 1790
825 1789
823 1789
822 1788
821 1788
820 1787
818 1787
817 1786
816 1786
815 1785
813 1785
812 1784
811 1784
810 1783
807 1783
806 1782
804 1782
803 1781
801 1781
800 1780
797 1780
796 1779
793 1779
792 1778
789 1778
788 1777
784 1777
783 1776
779 1776
778 1775
774 1775
773 1774
768 1774
767 1773
762 1773
761 1772
757 1772
756 1771
748 1771
747 1770
740 1770
739 1769
731 1769
730 1768
712 1768
711 1767
712 1766
717 1766
718 1765
723 1765
724 1764
728 1764
729 1763
733 1763
734 1762
737 1762
738 1761
742 1761
743 1760
747 1760
748 1759
751 1759
752 1758
755 1758
756 1757
759 1757
760 1756
764 1756
765 1755
768 1755
769 1754
772 1754
773 1753
776 1753
777 1752
779 1752
780 1751
784 1751
785 1750
787 1750
788 1749
791 1749
792 1748
795 1748
796 1747
798 1747
799 1746
801 1746
802 1745
805 1745
806 1744
809 1744
810 1743
811 1743
812 1742
816 1742
817 1741
818 1741
819 1740
821 1740
822 1739
825 1739
826 1738
828 1738
829 1737
831 1737
832 1736
834 1736
835 1735
837 1735
838 1734
840 1734
841 1733
843 1733
844 1732
846 1732
847 1731
849 1731
850 1730
852 1730
853 1729
854 1729
855 1728
857 1728
858 1727
860 1727
861 1726
863 1726
865 1724
868 1724
869 1723
870 1723
871 1722
873 1722
874 1721
876 1721
878 1719
880 1719
881 1718
883 1718
884 1717
885 1717
886 1716
888 1716
889 1715
890 1715
891 1714
892 1714
893 1713
894 1713
895 1712
897 1712
898 1711
899 1711
900 1710
901 1710
902 1709
904 1709
906 1707
908 1707
909 1706
910 1706
911 1705
912 1705
913 1704
915 1704
916 1703
917 1703
919 1701
920 1701
921 1700
923 1700
925 1698
926 1698
927 1697
929 1697
931 1695
932 1695
933 1694
934 1694
935 1693
936 1693
938 1691
939 1691
940 1690
941 1690
942 1689
943 1689
945 1687
946 1687
947 1686
948 1686
949 1685
950 1685
950 1684
951 1683
953 1683
955 1681
956 1681
958 1679
959 1679
961 1677
962 1677
963 1676
964 1676
964 1675
965 1674
966 1674
967 1673
968 1673
970 1671
971 1671
974 1668
975 1668
977 1666
978 1666
981 1663
982 1663
984 1661
985 1661
988 1658
989 1658
993 1654
994 1654
998 1650
999 1650
1010 1639
1010 1638
1012 1636
1013 1636
1013 1635
1014 1634
1015 1634
1015 1633
1017 1631
1017 1630
1022 1625
1022 1624
1024 1622
1024 1621
1027 1618
1027 1617
1029 1615
1029 1614
1031 1612
1031 1611
1032 1610
1032 1609
1033 1608
1034 1608
1034 1606
1036 1604
1036 1603
1037 1602
1037 1600
1038 1599
1038 1598
1040 1596
1040 1595
1041 1594
1041 1592
1043 1590
1043 1586
1044 1585
1044 1584
1045 1583
1045 1582
1046 1581
1046 1578
1047 1577
1047 1576
1048 1575
1048 1569
1049 1568
1049 1565
1050 1564
1050 1543
1049 1542
1049 1540
1048 1539
1048 1534
1046 1532
1046 1530
1045 1529
1045 1528
1044 1527
1044 1526
1043 1525
1043 1522
1041 1520
1041 1518
1038 1515
1038 1514
1037 1513
1037 1512
1036 1511
1036 1510
1034 1508
1034 1506
1031 1503
1031 1502
1030 1501
1030 1500
1027 1497
1027 1496
1026 1495
1025 1495
1024 1494
1024 1493
1022 1491
1022 1490
1021 1490
1020 1489
1020 1488
1019 1488
1012 1481
1011 1481
1010 1480
1010 1479
1009 1479
1006 1476
1005 1476
1001 1472
1000 1472
999 1471
998 1471
995 1468
994 1468
992 1466
991 1466
989 1464
987 1464
985 1462
984 1462
983 1461
982 1461
981 1460
980 1460
979 1459
978 1459
977 1458
976 1458
975 1457
974 1457
973 1456
972 1456
971 1455
969 1455
968 1454
967 1454
966 1453
965 1453
964 1452
962 1452
961 1451
960 1451
959 1450
958 1450
957 1449
955 1449
954 1448
953 1448
952 1447
951 1447
950 1446
948 1446
947 1445
945 1445
944 1444
943 1444
942 1443
939 1443
938 1442
937 1442
936 1441
934 1441
933 1440
930 1440
929 1439
927 1439
926 1438
925 1438
924 1437
920 1437
919 1436
918 1436
917 1435
914 1435
913 1434
910 1434
909 1433
906 1433
905 1432
903 1432
902 1431
898 1431
897 1430
893 1430
892 1429
889 1429
888 1428
884 1428
883 1427
879 1427
878 1426
874 1426
873 1425
869 1425
868 1424
864 1424
863 1423
857 1423
856 1422
850 1422
849 1421
843 1421
842 1420
836 1420
835 1419
825 1419
824 1418
817 1418
816 1417
806 1417
805 1416
794 1416
793 1415
783 1415
782 1414
769 1414
768 1413
752 1413
751 1412
734 1412
733 1411
694 1411
693 1410
603 1410
602 1411
577 1411
576 1412
563 1412
562 1413
548 1413
547 1414
533 1414
532 1415
526 1415
525 1414
526 1413
530 1413
531 1412
534 1412
535 1411
538 1411
539 1410
542 1410
543 1409
545 1409
546 1408
550 1408
551 1407
553 1407
554 1406
557 1406
558 1405
562 1405
563 1404
565 1404
566 1403
569 1403
570 1402
573 1402
574 1401
577 1401
578 1400
580 1400
581 1399
584 1399
585 1398
588 1398
589 1397
591 1397
592 1396
596 1396
597 1395
599 1395
600 1394
603 1394
604 1393
607 1393
608 1392
610 1392
611 1391
613 1391
614 1390
617 1390
618 1389
619 1389
620 1388
623 1388
624 1387
626 1387
627 1386
628 1386
629 1385
631 1385
632 1384
634 1384
635 1383
637 1383
638 1382
639 1382
640 1381
642 1381
643 1380
644 1380
645 1379
647 1379
648 1378
649 1378
650 1377
651 1377
652 1376
654 1376
655 1375
656 1375
657 1374
658 1374
659 1373
661 1373
662 1372
664 1372
666 1370
668 1370
669 1369
670 1369
671 1368
672 1368
673 1367
675 1367
676 1366
677 1366
678 1365
679 1365
680 1364
682 1364
683 1363
684 1363
685 1362
686 1362
687 1361
689 1361
690 1360
691 1360
692 1359
693 1359
694 1358
695 1358
696 1357
698 1357
700 1355
702 1355
704 1353
705 1353
706 1352
707 1352
708 1351
709 1351
710 1350
711 1350
713 1348
714 1348
715 1347
716 1347
717 1346
718 1346
719 1345
720 1345
722 1343
724 1343
727 1340
728 1340
729 1339
730 1339
732 1337
733 1337
734 1336
735 1336
736 1335
737 1335
739 1333
740 1333
741 1332
742 1332
745 1329
746 1329
747 1328
748 1328
750 1326
751 1326
752 1325
753 1325
755 1323
756 1323
758 1321
759 1321
760 1320
761 1320
762 1319
763 1319
766 1316
767 1316
769 1314
770 1314
772 1312
773 1312
774 1311
775 1311
778 1308
779 1308
781 1306
782 1306
785 1303
786 1303
787 1302
788 1302
790 1300
791 1300
791 1299
792 1298
793 1298
795 1296
796 1296
799 1293
800 1293
802 1291
803 1291
803 1290
804 1289
805 1289
808 1286
809 1286
810 1285
810 1284
811 1283
812 1283
815 1280
816 1280
817 1279
817 1278
818 1277
819 1277
831 1265
831 1264
837 1258
837 1257
840 1254
840 1253
844 1249
844 1248
845 1247
845 1246
848 1243
848 1242
849 1241
849 1240
850 1239
850 1238
851 1237
852 1237
852 1235
854 1233
854 1232
855 1231
855 1230
856 1229
856 1228
857 1227
857 1225
859 1223
859 1221
861 1219
861 1216
863 1214
863 1213
864 1212
864 1208
865 1207
865 1206
866 1205
866 1199
867 1198
867 1197
868 1196
868 1187
867 1186
867 1184
866 1183
866 1176
865 1175
865 1174
864 1173
864 1169
863 1168
863 1167
862 1166
862 1165
861 1164
861 1162
860 1161
860 1160
859 1159
859 1158
857 1156
857 1155
856 1154
856 1153
854 1151
854 1150
852 1148
852 1147
851 1147
850 1146
850 1145
847 1142
847 1141
846 1141
845 1140
845 1139
842 1136
841 1136
835 1130
834 1130
831 1127
830 1127
828 1125
827 1125
826 1124
825 1124
824 1123
824 1122
822 1122
821 1121
820 1121
819 1120
818 1120
816 1118
815 1118
814 1117
813 1117
812 1116
811 1116
810 1115
808 1115
807 1114
806 1114
805 1113
804 1113
803 1112
801 1112
800 1111
798 1111
797 1110
795 1110
794 1109
791 1109
790 1108
788 1108
787 1107
784 1107
783 1106
779 1106
778 1105
775 1105
774 1104
771 1104
770 1103
765 1103
764 1102
760 1102
759 1101
755 1101
754 1100
748 1100
747 1099
742 1099
741 1098
732 1098
731 1097
715 1097
714 1096
650 1096
649 1097
645 1097
644 1096
645 1095
647 1095
648 1094
649 1094
650 1093
651 1093
652 1092
653 1092
654 1091
656 1091
658 1089
659 1089
660 1088
661 1088
662 1087
663 1087
664 1086
665 1086
666 1085
667 1085
668 1084
669 1084
671 1082
672 1082
673 1081
674 1081
675 1080
676 1080
679 1077
680 1077
681 1076
682 1076
683 1075
684 1075
684 1074
685 1073
686 1073
688 1071
689 1071
690 1070
691 1070
691 1069
692 1068
693 1068
696 1065
697 1065
698 1064
698 1063
699 1062
700 1062
702 1060
703 1060
703 1059
704 1058
705 1058
705 1057
706 1056
707 1056
709 1054
710 1054
710 1053
711 1052
714 1052
715 1053
720 1053
721 1054
728 1054
729 1055
734 1055
735 1056
741 1056
742 1057
749 1057
750 1058
754 1058
755 1059
761 1059
762 1060
769 1060
770 1061
776 1061
777 1062
783 1062
784 1063
791 1063
792 1064
798 1064
799 1065
807 1065
808 1066
817 1066
818 1067
824 1067
825 1068
835 1068
836 1069
845 1069
846 1070
854 1070
855 1071
865 1071
866 1072
880 1072
881 1073
897 1073
898 1074
922 1074
923 1075
992 1075
993 1074
1007 1074
1008 1073
1015 1073
1016 1072
1022 1072
1023 1071
1027 1071
1028 1070
1031 1070
1032 1069
1036 1069
1037 1068
1039 1068
1040 1067
1042 1067
1043 1066
1045 1066
1046 1065
1048 1065
1049 1064
1050 1064
1051 1063
1053 1063
1054 1062
1056 1062
1058 1060
1060 1060
1061 1059
1062 1059
1069 1052
1069 1035
1067 1033
1067 1032
1065 1030
1065 1029
1064 1028
1064 1027
1061 1024
1060 1024
1059 1023
1059 1022
1058 1022
1057 1021
1057 1020
1055 1018
1054 1018
1048 1012
1047 1012
1045 1010
1044 1010
1043 1009
1043 1008
1042 1008
1040 1006
1039 1006
1036 1003
1035 1003
1034 1002
1033 1002
1032 1001
1031 1001
1028 998
1027 998
1026 997
1025 997
1022 994
1020 994
1019 993
1018 993
1016 991
1015 991
1013 989
1011 989
1009 987
1008 987
1007 986
1006 986
1005 985
1004 985
1002 983
1001 983
1000 982
998 982
996 980
995 980
994 979
993 979
992 978
991 978
989 976
987 976
985 974
984 974
983 973
981 973
980 972
979 972
978 971
977 971
976 970
975 970
974 969
973 969
972 968
971 968
970 967
969 967
968 966
967 966
966 965
965 965
964 964
962 964
961 963
960 963
959 962
958 962
957 961
956 961
955 960
953 960
952 959
951 959
950 958
949 958
948 957
947 957
946 956
944 956
943 955
942 955
941 954
940 954
939 953
937 953
936 952
935 952
934 951
933 951
932 950
930 950
929 949
928 949
927 948
925 948
924 947
923 947
922 946
920 946
919 945
918 945
917 944
916 944
915 943
913 943
912 942
911 942
910 941
908 941
907 940
906 940
905 939
904 939
903 938
900 938
899 937
898 937
897 936
896 936
895 935
892 935
891 934
890 934
889 933
888 933
887 932
885 932
884 931
882 931
881 930
879 930
878 929
877 929
876 928
874 928
873 927
871 927
870 926
869 926
868 925
866 925
865 924
864 924
863 923
860 923
859 922
858 922
857 921
855 921
854 920
852 920
851 919
850 919
849 918
847 918
846 917
844 917
843 916
841 916
840 915
838 915
837 914
836 914
835 913
833 913
832 912
830 912
829 911
827 911
826 910
824 910
823 909
821 909
820 908
818 908
817 907
815 907
814 906
811 906
810 905
808 905
807 904
805 904
804 903
801 903
800 902
798 902
797 901
795 901
794 900
792 900
791 899
788 899
787 898
785 898
784 897
783 897
782 896
779 896
778 895
777 895
776 894
774 894
773 893
771 893
770 892
770 870
769 869
769 865
768 864
768 858
766 856
766 851
765 850
765 848
764 847
764 843
763 842
763 839
762 838
762 837
761 836
761 833
760 832
760 831
759 830
759 828
758 827
758 826
757 825
757 823
756 822
756 820
755 819
755 818
754 817
754 815
752 813
752 811
751 810
751 809
750 808
750 807
749 806
749 804
747 802
747 801
745 799
745 797
744 796
744 795
743 794
743 793
742 792
742 791
740 789
740 788
738 786
738 784
736 782
736 781
733 778
733 777
731 775
731 773
728 770
728 769
724 765
724 763
717 756
717 755
712 750
712 749
695 732
694 732
688 726
687 726
682 721
681 721
680 720
679 720
675 716
674 716
673 715
672 715
669 712
668 712
667 711
666 711
663 708
662 708
661 707
660 707
659 706
658 706
656 704
655 704
654 703
653 703
652 702
651 702
650 701
649 701
648 700
647 700
646 699
645 699
644 698
643 698
642 697
641 697
640 696
638 696
636 694
634 694
633 693
631 693
629 691
627 691
626 690
625 690
624 689
622 689
621 688
620 688
619 687
616 687
615 686
614 686
613 685
611 685
610 684
607 684
606 683
604 683
603 682
600 682
599 681
595 681
594 680
590 680
589 679
585 679
584 678
575 678
574 677
565 677
564 676

