495 687
494 688
488 688
487 689
481 689
480 690
475 690
474 691
469 691
468 692
464 692
463 693
460 693
459 694
457 694
456 695
453 695
452 696
450 696
449 697
447 697
446 698
443 698
442 699
440 699
439 700
437 700
436 701
435 701
434 702
431 702
430 703
429 703
428 704
426 704
425 705
424 705
423 706
422 706
421 707
419 707
418 708
417 708
415 710
413 710
412 711
411 711
410 712
409 712
408 713
407 713
406 714
405 714
404 715
403 715
402 716
401 716
399 718
398 718
397 719
396 719
395 720
394 720
392 722
391 722
389 724
388 724
387 725
386 725
385 726
384 726
382 728
381 728
378 731
377 731
375 733
374 733
371 736
370 736
365 741
364 741
360 745
359 745
352 752
351 752
351 753
349 755
348 755
344 759
344 760
341 763
340 763
339 764
339 765
333 771
333 772
327 778
327 779
322 784
322 785
321 786
321 787
318 790
318 791
316 793
316 794
313 797
313 798
311 800
311 801
310 802
310 803
309 804
309 805
307 807
307 808
305 810
305 812
303 814
303 815
301 817
301 818
300 819
300 821
298 823
298 824
297 825
297 827
296 828
296 829
294 831
294 834
293 835
293 836
292 837
292 838
291 839
291 840
290 841
290 842
289 843
289 845
288 846
288 849
287 850
287 851
286 852
286 854
285 855
285 856
284 857
284 860
283 861
283 864
282 865
282 868
281 869
281 871
280 872
280 874
279 875
279 878
278 879
278 881
277 882
277 890
276 891
276 896
275 897
275 902
274 903
274 911
273 912
273 952
274 953
274 961
275 962
275 967
276 968
276 973
277 974
277 982
278 983
278 985
279 986
279 988
280 989
280 992
281 993
281 995
282 996
282 999
283 1000
283 1002
284 1003
284 1007
285 1008
285 1009
286 1010
286 1012
287 1013
287 1014
288 1015
288 1018
289 1019
289 1021
290 1022
290 1023
292 1025
292 1027
293 1028
293 1029
294 1030
294 1032
295 1033
295 1034
296 1035
296 1036
297 1037
297 1039
299 1041
299 1042
300 1043
300 1045
302 1047
302 1048
304 1050
304 1051
305 1052
305 1053
306 1054
306 1055
308 1057
308 1058
309 1059
309 1060
310 1061
310 1062
311 1063
311 1064
314 1067
314 1068
317 1071
317 1072
321 1076
321 1078
322 1079
322 1080
328 1086
328 1087
333 1092
333 1093
339 1099
339 1100
340 1100
345 1105
345 1106
346 1107
347 1107
354 1114
355 1114
356 1115
356 1116
358 1118
359 1118
363 1122
364 1122
369 1127
370 1127
373 1130
374 1130
375 1131
376 1131
380 1135
381 1135
382 1136
383 1136
385 1138
386 1138
388 1140
389 1140
390 1141
391 1141
393 1143
394 1143
396 1145
397 1145
398 1146
399 1146
400 1147
401 1147
402 1148
403 1148
404 1149
405 1149
407 1151
409 1151
410 1152
411 1152
412 1153
413 1153
414 1154
415 1154
416 1155
417 1155
419 1157
422 1157
423 1158
424 1158
425 1159
427 1159
428 1160
429 1160
430 1161
431 1161
432 1162
434 1162
435 1163
437 1163
438 1164
440 1164
441 1165
443 1165
444 1166
446 1166
447 1167
449 1167
450 1168
452 1168
453 1169
457 1169
458 1170
462 1170
463 1171
466 1171
467 1172
470 1172
471 1173
475 1173
476 1174
481 1174
482 1175
488 1175
489 1176
500 1176
501 1177
510 1177
511 1178
510 1179
498 1179
497 1180
487 1180
486 1181
478 1181
477 1182
470 1182
469 1183
463 1183
462 1184
457 1184
456 1185
450 1185
449 1186
445 1186
444 1187
439 1187
438 1188
434 1188
433 1189
429 1189
428 1190
425 1190
424 1191
421 1191
420 1192
417 1192
416 1193
413 1193
412 1194
409 1194
408 1195
406 1195
405 1196
400 1196
399 1197
396 1197
395 1198
393 1198
392 1199
389 1199
388 1200
385 1200
384 1201
382 1201
381 1202
379 1202
378 1203
376 1203
375 1204
373 1204
372 1205
369 1205
368 1206
366 1206
365 1207
361 1207
360 1208
357 1208
356 1209
355 1209
354 1210
351 1210
350 1211
348 1211
347 1212
345 1212
344 1213
343 1213
342 1214
340 1214
339 1215
338 1215
337 1216
335 1216
334 1217
333 1217
332 1218
328 1218
327 1219
326 1219
325 1220
323 1220
322 1221
321 1221
320 1222
318 1222
317 1223
315 1223
314 1224
313 1224
312 1225
311 1225
310 1226
308 1226
307 1227
305 1227
304 1228
303 1228
302 1229
300 1229
299 1230
297 1230
296 1231
294 1231
292 1233
290 1233
289 1234
288 1234
287 1235
285 1235
284 1236
283 1236
282 1237
281 1237
280 1238
278 1238
277 1239
276 1239
275 1240
273 1240
272 1241
270 1241
269 1242
268 1242
267 1243
266 1243
265 1244
263 1244
262 1245
260 1245
258 1247
256 1247
255 1248
254 1248
253 1249
252 1249
251 1250
249 1250
248 1251
246 1251
245 1252
244 1252
243 1253
242 1253
241 1254
240 1254
239 1255
238 1255
237 1256
235 1256
234 1257
233 1257
232 1258
230 1258
229 1259
228 1259
227 1260
226 1260
225 1261
223 1261
222 1262
221 1262
220 1263
219 1263
218 1264
217 1264
216 1265
215 1265
214 1266
213 1266
212 1267
211 1267
210 1268
209 1268
208 1269
207 1269
206 1270
204 1270
202 1272
200 1272
199 1273
198 1273
196 1275
195 1275
194 1276
193 1276
192 1277
191 1277
190 1278
189 1278
188 1279
187 1279
185 1281
183 1281
182 1282
181 1282
179 1284
177 1284
175 1286
174 1286
173 1287
172 1287
171 1288
170 1288
167 1291
165 1291
163 1293
162 1293
161 1294
160 1294
158 1296
157 1296
156 1297
155 1297
154 1298
153 1298
151 1300
150 1300
149 1301
148 1301
147 1302
146 1302
145 1303
143 1303
141 1305
140 1305
139 1306
137 1306
135 1308
134 1308
133 1309
131 1309
129 1311
128 1311
127 1312
126 1312
124 1314
123 1314
122 1315
121 1315
118 1318
117 1318
116 1319
115 1319
113 1321
112 1321
110 1323
109 1323
108 1324
107 1324
105 1326
104 1326
101 1329
100 1329
98 1331
97 1331
95 1333
94 1333
92 1335
91 1335
88 1338
87 1338
84 1341
83 1341
82 1342
81 1342
76 1347
75 1347
71 1351
70 1351
66 1355
65 1355
59 1361
58 1361
40 1379
40 1380
35 1385
35 1386
33 1388
33 1389
29 1393
29 1394
27 1396
27 1397
24 1400
24 1401
23 1402
23 1403
22 1404
22 1405
18 1409
18 1411
17 1412
17 1413
15 1415
15 1416
14 1417
14 1418
12 1420
12 1422
11 1423
11 1424
10 1425
10 1426
9 1427
9 1428
8 1429
8 1430
6 1432
6 1435
5 1436
5 1437
4 1438
4 1440
3 1441
3 1442
2 1443
2 1445
1 1446
1 1450
0 1451
0 1505
1 1506
1 1511
2 1512
2 1514
3 1515
3 1516
4 1517
4 1519
5 1520
5 1522
6 1523
6 1525
7 1526
7 1527
8 1528
8 1529
10 1531
10 1532
11 1533
11 1534
12 1535
12 1538
14 1540
14 1541
15 1542
15 1543
17 1545
17 1546
18 1547
18 1549
21 1552
21 1553
23 1555
23 1557
26 1560
26 1561
28 1563
28 1564
29 1565
29 1566
33 1570
33 1571
35 1573
35 1574
38 1577
38 1578
40 1580
40 1581
43 1584
43 1585
46 1588
46 1589
51 1594
51 1595
57 1601
57 1602
58 1603
59 1603
63 1607
63 1608
65 1610
66 1610
68 1612
68 1613
69 1614
70 1614
77 1621
78 1621
80 1623
80 1624
82 1626
83 1626
87 1630
88 1630
92 1634
93 1634
99 1640
100 1640
102 1642
102 1643
103 1643
105 1645
106 1645
108 1647
109 1647
110 1648
111 1648
114 1651
115 1651
116 1652
117 1652
122 1657
123 1657
127 1661
128 1661
131 1664
132 1664
133 1665
134 1665
136 1667
137 1667
138 1668
139 1668
142 1671
143 1671
144 1672
145 1672
147 1674
148 1674
150 1676
152 1676
154 1678
155 1678
157 1680
158 1680
159 1681
160 1681
161 1682
162 1682
164 1684
165 1684
166 1685
167 1685
169 1687
170 1687
171 1688
173 1688
175 1690
176 1690
177 1691
178 1691
180 1693
181 1693
182 1694
183 1694
184 1695
185 1695
186 1696
187 1696
188 1697
189 1697
190 1698
191 1698
192 1699
193 1699
194 1700
195 1700
196 1701
197 1701
199 1703
200 1703
201 1704
203 1704
205 1706
207 1706
208 1707
209 1707
211 1709
213 1709
214 1710
215 1710
216 1711
217 1711
218 1712
219 1712
220 1713
221 1713
222 1714
223 1714
224 1715
225 1715
226 1716
227 1716
228 1717
229 1717
230 1718
231 1718
232 1719
233 1719
234 1720
236 1720
237 1721
238 1721
239 1722
241 1722
243 1724
245 1724
246 1725
247 1725
248 1726
249 1726
250 1727
251 1727
252 1728
254 1728
256 1730
258 1730
259 1731
261 1731
262 1732
263 1732
264 1733
265 1733
266 1734
268 1734
269 1735
270 1735
271 1736
272 1736
273 1737
274 1737
275 1738
276 1738
277 1739
279 1739
280 1740
281 1740
282 1741
283 1741
284 1742
287 1742
288 1743
289 1743
290 1744
292 1744
294 1746
296 1746
297 1747
298 1747
299 1748
300 1748
301 1749
303 1749
304 1750
305 1750
306 1751
309 1751
311 1753
313 1753
314 1754
315 1754
316 1755
318 1755
319 1756
320 1756
321 1757
322 1757
323 1758
325 1758
326 1759
327 1759
328 1760
330 1760
331 1761
334 1761
335 1762
337 1762
338 1763
339 1763
340 1764
342 1764
343 1765
345 1765
346 1766
348 1766
349 1767
351 1767
352 1768
354 1768
355 1769
357 1769
358 1770
360 1770
361 1771
365 1771
366 1772
368 1772
369 1773
372 1773
373 1774
374 1774
375 1775
378 1775
379 1776
381 1776
382 1777
384 1777
385 1778
388 1778
389 1779
391 1779
392 1780
395 1780
396 1781
398 1781
399 1782
402 1782
403 1783
406 1783
407 1784
410 1784
411 1785
413 1785
414 1786
417 1786
418 1787
420 1787
421 1788
423 1788
424 1789
426 1789
427 1790
429 1790
430 1791
433 1791
434 1792
436 1792
437 1793
441 1793
442 1794
448 1794
449 1795
453 1795
454 1796
458 1796
459 1797
464 1797
465 1798
469 1798
470 1799
474 1799
475 1800
480 1800
481 1801
487 1801
488 1802
493 1802
494 1803
499 1803
500 1804
506 1804
507 1805
515 1805
516 1806
522 1806
523 1807
528 1807
529 1808
534 1808
535 1809
540 1809
541 1810
547 1810
548 1811
558 1811
559 1812
567 1812
568 1813
567 1814
556 1814
555 1815
544 1815
543 1816
534 1816
533 1817
525 1817
524 1818
515 1818
514 1819
507 1819
506 1820
498 1820
497 1821
487 1821
486 1822
479 1822
478 1823
472 1823
471 1824
465 1824
464 1825
459 1825
458 1826
453 1826
452 1827
447 1827
446 1828
442 1828
441 1829
437 1829
436 1830
432 1830
431 1831
427 1831
426 1832
419 1832
418 1833
415 1833
414 1834
411 1834
410 1835
407 1835
406 1836
402 1836
401 1837
398 1837
397 1838
394 1838
393 1839
388 1839
387 1840
383 1840
382 1841
378 1841
377 1842
373 1842
372 1843
369 1843
368 1844
365 1844
364 1845
362 1845
361 1846
359 1846
358 1847
356 1847
355 1848
353 1848
352 1849
350 1849
349 1850
346 1850
345 1851
343 1851
342 1852
340 1852
339 1853
337 1853
336 1854
334 1854
333 1855
331 1855
330 1856
328 1856
327 1857
326 1857
325 1858
323 1858
322 1859
321 1859
320 1860
318 1860
317 1861
314 1861
313 1862
311 1862
310 1863
309 1863
308 1864
306 1864
305 1865
304 1865
303 1866
301 1866
300 1867
299 1867
298 1868
297 1868
296 1869
294 1869
292 1871
290 1871
289 1872
288 1872
287 1873
285 1873
284 1874
283 1874
282 1875
281 1875
280 1876
278 1876
277 1877
276 1877
275 1878
274 1878
273 1879
272 1879
270 1881
268 1881
267 1882
266 1882
265 1883
264 1883
263 1884
261 1884
259 1886
258 1886
257 1887
256 1887
255 1888
254 1888
253 1889
252 1889
251 1890
250 1890
248 1892
247 1892
246 1893
245 1893
244 1894
243 1894
241 1896
240 1896
239 1897
238 1897
236 1899
235 1899
234 1900
233 1900
232 1901
231 1901
229 1903
228 1903
227 1904
226 1904
223 1907
222 1907
220 1909
219 1909
217 1911
215 1911
215 1912
214 1913
213 1913
211 1915
210 1915
208 1917
207 1917
205 1919
204 1919
204 1920
203 1921
202 1921
200 1923
199 1923
195 1927
194 1927
193 1928
193 1929
190 1932
189 1932
186 1935
186 1936
183 1939
182 1939
181 1940
181 1941
177 1945
177 1946
176 1947
176 1948
173 1951
173 1952
171 1954
171 1955
170 1956
170 1957
169 1958
169 1959
167 1961
167 1962
166 1963
166 1964
165 1965
165 1966
164 1967
164 1970
163 1971
163 1974
162 1975
162 1977
161 1978
161 1982
160 1983
160 1997
161 1998
161 2002
162 2003
162 2005
163 2006
163 2008
164 2009
164 2013
165 2014
165 2015
167 2017
167 2018
169 2020
169 2021
170 2022
170 2023
172 2025
172 2026
176 2030
176 2031
178 2033
179 2033
181 2035
181 2036
182 2037
183 2037
187 2041
188 2041
190 2043
191 2043
193 2045
194 2045
195 2046
196 2046
199 2049
201 2049
202 2050
203 2050
205 2052
206 2052
207 2053
209 2053
210 2054
212 2054
213 2055
214 2055
215 2056
216 2056
217 2057
219 2057
221 2059
223 2059
224 2060
226 2060
227 2061
229 2061
230 2062
231 2062
232 2063
234 2063
235 2064
238 2064
239 2065
242 2065
243 2066
244 2066
245 2067
247 2067
248 2068
251 2068
252 2069
255 2069
256 2070
259 2070
260 2071
263 2071
264 2072
268 2072
269 2073
273 2073
274 2074
277 2074
278 2075
282 2075
283 2076
288 2076
289 2077
293 2077
294 2078
298 2078
299 2079
303 2079
304 2080
308 2080
309 2081
313 2081
314 2082
321 2082
322 2083
327 2083
328 2084
333 2084
334 2085
339 2085
340 2086
346 2086
347 2087
352 2087
353 2088
361 2088
362 2089
370 2089
371 2090
378 2090
379 2091
388 2091
389 2092
397 2092
398 2093
409 2093
410 2094
417 2094
418 2095
426 2095
427 2096
426 2097
427 2097
428 2096
434 2096
435 2097
435 2098
436 2098
437 2097
443 2097
444 2098
457 2098
458 2099
474 2099
475 2100
488 2100
489 2101
502 2101
503 2102
516 2102
517 2103
533 2103
534 2104
552 2104
553 2105
552 2106
547 2106
546 2107
538 2107
537 2108
531 2108
530 2109
521 2109
520 2110
513 2110
512 2111
506 2111
505 2112
499 2112
498 2113
492 2113
491 2114
486 2114
485 2115
481 2115
480 2116
475 2116
474 2117
470 2117
469 2118
465 2118
464 2119
460 2119
459 2120
455 2120
454 2121
448 2121
447 2122
444 2122
443 2123
439 2123
438 2124
435 2124
434 2125
431 2125
430 2126
427 2126
426 2127
424 2127
423 2128
420 2128
419 2129
418 2129
417 2130
414 2130
413 2131
411 2131
410 2132
407 2132
406 2133
404 2133
403 2134
401 2134
400 2135
398 2135
397 2136
395 2136
394 2137
392 2137
391 2138
390 2138
389 2139
387 2139
386 2140
384 2140
383 2141
382 2141
381 2142
379 2142
378 2143
375 2143
374 2144
373 2144
372 2145
370 2145
369 2146
368 2146
367 2147
365 2147
364 2148
362 2148
361 2149
360 2149
359 2150
358 2150
357 2151
356 2151
355 2152
353 2152
352 2153
351 2153
350 2154
347 2154
346 2155
345 2155
344 2156
343 2156
342 2157
340 2157
339 2158
338 2158
337 2159
336 2159
335 2160
334 2160
333 2161
332 2161
331 2162
329 2162
328 2163
327 2163
326 2164
325 2164
324 2165
322 2165
321 2166
320 2166
319 2167
317 2167
315 2169
314 2169
313 2170
311 2170
309 2172
307 2172
306 2173
305 2173
304 2174
303 2174
302 2175
301 2175
300 2176
298 2176
297 2177
296 2177
295 2178
294 2178
292 2180
291 2180
290 2181
289 2181
288 2182
287 2182
285 2184
283 2184
282 2185
281 2185
280 2186
279 2186
278 2187
277 2187
275 2189
274 2189
273 2190
272 2190
269 2193
268 2193
267 2194
266 2194
265 2195
264 2195
263 2196
262 2196
261 2197
260 2197
258 2199
257 2199
254 2202
253 2202
252 2203
251 2203
249 2205
248 2205
247 2206
246 2206
245 2207
244 2207
241 2210
240 2210
239 2211
238 2211
235 2214
234 2214
232 2216
231 2216
229 2218
228 2218
227 2219
226 2219
223 2222
222 2222
219 2225
218 2225
217 2226
216 2226
213 2229
212 2229
211 2230
210 2230
206 2234
205 2234
203 2236
202 2236
200 2238
199 2238
196 2241
195 2241
192 2244
191 2244
188 2247
187 2247
184 2250
183 2250
179 2254
178 2254
174 2258
173 2258
171 2260
170 2260
166 2264
165 2264
160 2269
159 2269
155 2273
154 2273
153 2274
153 2275
152 2276
151 2276
145 2282
144 2282
138 2288
137 2288
136 2289
136 2290
135 2291
134 2291
126 2299
125 2299
125 2300
122 2303
121 2303
113 2311
113 2312
111 2314
110 2314
102 2322
102 2323
91 2334
91 2335
85 2341
85 2342
79 2348
79 2349
74 2354
74 2355
68 2361
68 2362
67 2363
67 2364
63 2368
63 2369
61 2371
61 2372
57 2376
57 2377
54 2380
54 2381
51 2384
51 2385
50 2386
50 2387
46 2391
46 2393
42 2397
42 2398
41 2399
1021 2399
1021 2384
1022 2383
1022 2354
1021 2353
1021 2338
1020 2337
1020 2334
1019 2333
1019 2330
1018 2329
1018 2326
1017 2325
1017 2323
1016 2322
1016 2320
1015 2319
1015 2314
1013 2312
1013 2311
1012 2310
1012 2308
1011 2307
1011 2306
1010 2305
1010 2301
1009 2300
1009 2299
1008 2298
1008 2297
1007 2296
1007 2295
1006 2294
1006 2293
1005 2292
1005 2290
1004 2289
1004 2287
1003 2286
1003 2285
1002 2284
1002 2283
1000 2281
1000 2280
999 2279
999 2278
998 2277
998 2275
997 2274
997 2273
995 2271
995 2270
994 2269
994 2268
993 2267
993 2265
990 2262
990 2261
988 2259
988 2258
987 2257
987 2256
984 2253
984 2252
982 2250
982 2249
981 2248
981 2247
976 2242
976 2241
970 2235
970 2234
964 2228
964 2227
951 2214
950 2214
947 2211
947 2210
946 2210
941 2205
940 2205
935 2200
934 2200
931 2197
930 2197
928 2195
927 2195
924 2192
923 2192
921 2190
920 2190
917 2187
916 2187
914 2185
913 2185
912 2184
911 2184
910 2183
909 2183
907 2181
906 2181
904 2179
903 2179
901 2177
900 2177
899 2176
898 2176
897 2175
896 2175
895 2174
894 2174
892 2172
891 2172
890 2171
889 2171
888 2170
887 2170
886 2169
885 2169
884 2168
883 2168
882 2167
881 2167
879 2165
877 2165
876 2164
875 2164
874 2163
873 2163
872 2162
870 2162
868 2160
866 2160
865 2159
864 2159
863 2158
862 2158
861 2157
859 2157
857 2155
855 2155
854 2154
852 2154
851 2153
849 2153
848 2152
847 2152
846 2151
845 2151
844 2150
842 2150
841 2149
840 2149
839 2148
837 2148
836 2147
835 2147
834 2146
832 2146
831 2145
829 2145
828 2144
826 2144
825 2143
823 2143
822 2142
819 2142
818 2141
817 2141
816 2140
813 2140
812 2139
811 2139
810 2138
808 2138
807 2137
805 2137
804 2136
801 2136
800 2135
798 2135
797 2134
795 2134
794 2133
791 2133
790 2132
786 2132
785 2131
783 2131
782 2130
779 2130
778 2129
776 2129
775 2128
773 2128
772 2127
768 2127
767 2126
765 2126
764 2125
761 2125
760 2124
756 2124
755 2123
752 2123
751 2122
748 2122
747 2121
742 2121
741 2120
738 2120
737 2119
734 2119
733 2118
729 2118
728 2117
725 2117
724 2116
720 2116
719 2115
715 2115
714 2114
709 2114
708 2113
702 2113
701 2112
695 2112
694 2111
688 2111
687 2110
679 2110
678 2109
668 2109
667 2108
657 2108
656 2107
644 2107
643 2106
644 2105
659 2105
660 2104
669 2104
670 2103
677 2103
678 2102
686 2102
687 2101
694 2101
695 2100
702 2100
703 2099
712 2099
713 2098
719 2098
720 2097
726 2097
727 2096
732 2096
733 2095
738 2095
739 2094
744 2094
745 2093
751 2093
752 2092
755 2092
756 2091
760 2091
761 2090
765 2090
766 2089
769 2089
770 2088
775 2088
776 2087
780 2087
781 2086
784 2086
785 2085
788 2085
789 2084
792 2084
793 2083
796 2083
797 2082
801 2082
802 2081
806 2081
807 2080
809 2080
810 2079
812 2079
813 2078
816 2078
817 2077
819 2077
820 2076
823 2076
824 2075
827 2075
828 2074
829 2074
830 2073
833 2073
834 2072
836 2072
837 2071
840 2071
841 2070
843 2070
844 2069
846 2069
847 2068
848 2068
849 2067
851 2067
852 2066
853 2066
854 2065
856 2065
857 2064
859 2064
860 2063
861 2063
862 2062
863 2062
864 2061
866 2061
867 2060
868 2060
869 2059
871 2059
872 2058
873 2058
874 2057
875 2057
876 2056
877 2056
878 2055
880 2055
882 2053
885 2053
887 2051
888 2051
889 2050
890 2050
892 2048
893 2048
894 2047
895 2047
896 2046
897 2046
899 2044
900 2044
901 2043
902 2043
904 2041
905 2041
907 2039
908 2039
911 2036
912 2036
913 2035
914 2035
914 2034
915 2033
916 2033
918 2031
919 2031
919 2030
922 2027
923 2027
925 2025
925 2024
931 2018
931 2016
933 2014
933 2013
934 2012
934 2011
935 2010
935 2009
936 2008
936 2005
937 2004
937 2000
938 1999
938 1986
937 1985
937 1981
936 1980
936 1976
935 1975
935 1974
934 1973
934 1972
933 1971
933 1969
932 1968
932 1967
931 1966
931 1965
930 1964
930 1963
929 1962
929 1961
926 1958
926 1957
925 1956
925 1955
923 1953
923 1952
920 1949
920 1948
919 1947
919 1946
914 1941
914 1940
909 1935
909 1934
908 1933
908 1932
902 1926
902 1925
890 1913
889 1913
885 1909
884 1909
880 1905
879 1905
877 1903
876 1903
873 1900
872 1900
871 1899
870 1899
867 1896
866 1896
865 1895
864 1895
862 1893
861 1893
860 1892
859 1892
856 1889
855 1889
854 1888
853 1888
851 1886
850 1886
849 1885
848 1885
846 1883
845 1883
844 1882
843 1882
841 1880
840 1880
838 1878
837 1878
835 1876
834 1876
833 1875
832 1875
831 1874
830 1874
828 1872
826 1872
824 1870
823 1870
822 1869
821 1869
819 1867
818 1867
817 1866
816 1866
815 1865
814 1865
812 1863
810 1863
809 1862
808 1862
807 1861
806 1861
805 1860
804 1860
803 1859
802 1859
801 1858
800 1858
799 1857
798 1857
797 1856
796 1856
795 1855
794 1855
793 1854
792 1854
791 1853
790 1853
789 1852
787 1852
786 1851
785 1851
784 1850
782 1850
781 1849
780 1849
779 1848
778 1848
777 1847
775 1847
774 1846
773 1846
772 1845
771 1845
770 1844
768 1844
767 1843
766 1843
765 1842
762 1842
761 1841
759 1841
758 1840
757 1840
756 1839
754 1839
753 1838
751 1838
750 1837
748 1837
747 1836
745 1836
744 1835
743 1835
742 1834
740 1834
739 1833
737 1833
736 1832
732 1832
731 1831
729 1831
728 1830
725 1830
724 1829
723 1829
722 1828
719 1828
718 1827
715 1827
714 1826
711 1826
710 1825
707 1825
706 1824
704 1824
703 1823
700 1823
699 1822
696 1822
695 1821
694 1821
693 1820
692 1820
691 1821
690 1821
688 1819
687 1819
686 1820
683 1820
682 1819
678 1819
677 1818
671 1818
670 1817
664 1817
663 1816
659 1816
658 1815
660 1813
664 1813
665 1814
670 1814
669 1814
668 1813
669 1812
672 1812
673 1813
680 1813
681 1812
684 1812
686 1810
691 1810
692 1809
697 1809
698 1808
703 1808
704 1807
708 1807
709 1806
715 1806
716 1805
719 1805
720 1804
723 1804
724 1803
727 1803
728 1802
731 1802
732 1801
736 1801
737 1800
740 1800
741 1799
744 1799
745 1798
749 1798
750 1797
752 1797
753 1796
756 1796
757 1795
759 1795
760 1794
763 1794
764 1793
767 1793
768 1792
769 1792
770 1791
772 1791
773 1790
775 1790
776 1789
778 1789
779 1788
781 1788
782 1787
784 1787
785 1786
786 1786
787 1785
789 1785
790 1784
791 1784
792 1783
795 1783
796 1782
799 1782
800 1781
801 1781
802 1780
804 1780
805 1779
807 1779
808 1778
809 1778
810 1777
811 1777
812 1776
813 1776
814 1775
815 1775
816 1774
818 1774
820 1772
822 1772
823 1771
824 1771
825 1770
826 1770
827 1769
829 1769
831 1767
832 1767
833 1766
834 1766
835 1765
836 1765
837 1764
838 1764
839 1763
840 1763
842 1761
843 1761
844 1760
846 1760
848 1758
849 1758
850 1757
851 1757
853 1755
854 1755
855 1754
856 1754
858 1752
859 1752
860 1751
861 1751
862 1750
863 1750
864 1749
865 1749
867 1747
868 1747
870 1745
871 1745
873 1743
874 1743
876 1741
877 1741
878 1740
879 1740
882 1737
883 1737
884 1736
885 1736
885 1735
886 1734
887 1734
889 1732
891 1732
891 1731
892 1730
893 1730
895 1728
896 1728
900 1724
901 1724
904 1721
905 1721
910 1716
911 1716
917 1710
918 1710
923 1705
924 1705
925 1704
925 1703
928 1700
929 1700
931 1698
931 1697
932 1696
933 1696
937 1692
937 1691
938 1690
939 1690
942 1687
942 1686
953 1675
953 1674
958 1669
958 1668
959 1667
959 1666
964 1661
964 1660
966 1658
966 1657
970 1653
970 1652
971 1651
971 1650
973 1648
973 1647
976 1644
976 1643
978 1641
978 1640
980 1638
980 1637
981 1636
981 1635
982 1634
982 1633
984 1631
984 1630
985 1629
985 1628
987 1626
987 1624
989 1622
989 1621
991 1619
991 1618
992 1617
992 1616
993 1615
993 1613
994 1612
994 1611
995 1610
995 1609
996 1608
996 1607
998 1605
998 1602
999 1601
999 1600
1000 1599
1000 1598
1001 1597
1001 1596
1003 1594
1003 1593
1004 1592
1004 1588
1005 1587
1005 1585
1006 1584
1006 1583
1007 1582
1007 1580
1008 1579
1008 1577
1009 1576
1009 1574
1010 1573
1010 1568
1011 1567
1011 1564
1012 1563
1012 1561
1013 1560
1013 1559
1014 1558
1014 1556
1015 1555
1015 1547
1016 1546
1016 1541
1017 1540
1017 1534
1018 1533
1018 1526
1019 1525
1019 1513
1020 1512
1020 1495
1019 1494
1019 1483
1018 1482
1018 1476
1017 1475
1017 1470
1016 1469
1016 1465
1015 1464
1015 1458
1013 1456
1013 1454
1012 1453
1012 1451
1011 1450
1011 1448
1010 1447
1010 1442
1009 1441
1009 1439
1008 1438
1008 1436
1007 1435
1007 1433
1006 1432
1006 1430
1005 1429
1005 1427
1004 1426
1004 1422
1003 1421
1003 1420
1002 1419
1002 1418
1001 1417
1001 1416
1000 1415
1000 1414
999 1413
999 1412
998 1411
998 1408
997 1407
997 1405
996 1404
996 1403
995 1402
995 1401
994 1400
994 1399
993 1398
993 1395
992 1394
992 1393
991 1392
991 1391
988 1388
988 1386
987 1385
987 1384
986 1383
986 1382
985 1381
985 1380
983 1378
983 1377
982 1376
982 1375
981 1374
981 1372
979 1370
979 1369
977 1367
977 1366
976 1365
976 1364
975 1363
975 1362
973 1360
973 1359
971 1357
971 1356
970 1355
970 1354
969 1353
969 1352
966 1349
966 1348
965 1347
965 1346
964 1345
964 1344
960 1340
960 1339
959 1338
959 1337
955 1333
955 1332
942 1319
942 1318
941 1318
936 1313
936 1312
931 1307
931 1306
930 1305
930 1304
925 1299
925 1298
924 1297
923 1297
918 1292
917 1292
914 1289
913 1289
910 1286
909 1286
908 1285
908 1284
907 1284
905 1282
904 1282
901 1279
900 1279
896 1275
895 1275
890 1270
889 1270
888 1269
887 1269
883 1265
882 1265
878 1261
877 1261
874 1258
873 1258
871 1256
870 1256
868 1254
867 1254
864 1251
863 1251
862 1250
861 1250
859 1248
858 1248
855 1245
854 1245
853 1244
852 1244
850 1242
849 1242
848 1241
847 1241
845 1239
844 1239
843 1238
842 1238
840 1236
838 1236
836 1234
835 1234
834 1233
833 1233
832 1232
830 1232
828 1230
826 1230
825 1229
824 1229
823 1228
821 1228
820 1227
819 1227
817 1225
815 1225
814 1224
813 1224
811 1222
809 1222
808 1221
807 1221
806 1220
805 1220
804 1219
803 1219
802 1218
800 1218
799 1217
797 1217
795 1215
793 1215
792 1214
791 1214
790 1213
789 1213
788 1212
787 1212
786 1211
784 1211
783 1210
781 1210
780 1209
779 1209
778 1208
776 1208
775 1207
773 1207
772 1206
769 1206
768 1205
767 1205
766 1204
763 1204
762 1203
761 1203
760 1202
758 1202
757 1201
755 1201
754 1200
752 1200
751 1199
748 1199
747 1198
745 1198
744 1197
742 1197
741 1196
737 1196
736 1195
734 1195
733 1194
730 1194
729 1193
727 1193
726 1192
723 1192
722 1191
720 1191
719 1190
717 1190
716 1189
713 1189
712 1188
708 1188
707 1187
702 1187
701 1186
697 1186
696 1185
691 1185
690 1184
685 1184
684 1183
679 1183
678 1182
672 1182
671 1181
665 1181
664 1180
657 1180
656 1179
649 1179
648 1178
631 1178
630 1177
606 1177
605 1176
572 1176
571 1175
561 1175
560 1174
561 1173
565 1173
566 1172
570 1172
571 1171
574 1171
575 1170
578 1170
579 1169
584 1169
585 1168
587 1168
588 1167
590 1167
591 1166
593 1166
594 1165
596 1165
597 1164
598 1164
599 1163
602 1163
603 1162
604 1162
605 1161
607 1161
608 1160
609 1160
610 1159
612 1159
613 1158
615 1158
616 1157
617 1157
618 1156
620 1156
622 1154
623 1154
624 1153
625 1153
626 1152
627 1152
628 1151
629 1151
630 1150
631 1150
632 1149
633 1149
634 1148
635 1148
636 1147
637 1147
638 1146
639 1146
640 1145
641 1145
642 1144
643 1144
643 1143
644 1142
645 1142
646 1141
647 1141
649 1139
650 1139
651 1138
652 1138
653 1137
654 1137
657 1134
658 1134
661 1131
662 1131
664 1129
665 1129
669 1125
670 1125
674 1121
675 1121
678 1118
679 1118
679 1117
681 1115
682 1115
682 1114
683 1113
684 1113
691 1106
692 1106
692 1105
704 1093
704 1092
707 1089
707 1088
712 1083
712 1082
716 1078
716 1077
717 1076
717 1075
722 1070
722 1068
725 1065
725 1064
728 1061
728 1059
729 1058
729 1057
731 1055
731 1054
733 1052
733 1050
734 1049
734 1048
736 1046
736 1045
737 1044
737 1043
739 1041
739 1038
740 1037
740 1036
741 1035
741 1034
742 1033
742 1032
744 1030
744 1027
745 1026
745 1025
746 1024
746 1022
747 1021
747 1020
748 1019
748 1018
749 1017
749 1016
750 1015
750 1011
751 1010
751 1008
752 1007
752 1004
753 1003
753 1002
754 1001
754 1000
755 999
755 997
756 996
756 991
757 990
757 988
758 987
758 983
759 982
759 979
760 978
760 975
761 974
761 967
762 966
762 959
763 958
764 959
764 963
764 900
764 905
763 906
762 905
762 898
761 897
761 889
760 888
760 885
759 884
759 881
758 880
758 877
757 876
757 873
756 872
756 867
755 866
755 865
754 864
754 863
753 862
753 861
752 860
752 857
751 856
751 853
750 852
750 849
749 848
749 847
748 846
748 844
747 843
747 842
746 841
746 840
745 839
745 838
744 837
744 834
743 833
743 832
741 830
741 829
740 828
740 827
739 826
739 823
738 822
738 821
736 819
736 818
735 817
735 816
733 814
733 812
731 810
731 809
729 807
729 806
728 805
728 803
726 801
726 800
722 796
722 794
718 790
718 789
716 787
716 785
715 785
714 784
714 783
710 779
710 778
705 773
705 772
699 766
699 765
698 765
694 761
694 760
691 757
690 757
688 755
688 754
687 753
686 753
676 743
675 743
674 742
673 742
669 738
668 738
664 734
663 734
660 731
659 731
658 730
657 730
653 726
652 726
651 725
650 725
649 724
648 724
646 722
645 722
643 720
642 720
641 719
640 719
639 718
638 718
636 716
634 716
632 714
631 714
630 713
629 713
628 712
627 712
626 711
625 711
624 710
622 710
620 708
618 708
617 707
616 707
615 706
614 706
613 705
611 705
610 704
609 704
608 703
606 703
605 702
604 702
603 701
601 701
600 700
598 700
597 699
595 699
594 698
591 698
590 697
588 697
587 696
585 696
584 695
582 695
581 694
578 694
577 693
573 693
572 692
569 692
568 691
563 691
562 690
557 690
556 689
549 689
548 688
543 688
542 687

