626 647
625 648
611 648
610 649
602 649
601 650
595 650
594 651
589 651
588 652
584 652
583 653
580 653
579 654
577 654
576 655
573 655
572 656
569 656
568 657
565 657
564 658
562 658
561 659
559 659
558 660
556 660
555 661
554 661
553 662
550 662
549 663
547 663
546 664
544 664
543 665
542 665
541 666
539 666
537 668
535 668
534 669
533 669
532 670
531 670
530 671
529 671
528 672
527 672
526 673
525 673
524 674
523 674
522 675
521 675
520 676
519 676
517 678
515 678
513 680
512 680
511 681
510 681
508 683
507 683
506 684
505 684
503 686
502 686
501 687
500 687
497 690
496 690
494 692
493 692
491 694
490 694
487 697
486 697
483 700
482 700
477 705
476 705
471 710
470 710
470 711
467 714
466 714
464 716
464 717
463 718
462 718
455 725
455 726
452 729
451 729
450 730
450 731
445 736
445 737
441 741
441 742
440 743
440 744
436 748
436 749
434 751
434 752
431 755
431 756
429 758
429 759
427 761
427 762
426 763
426 764
425 765
425 766
421 770
421 772
420 773
420 774
419 775
419 776
416 779
416 781
415 782
415 783
414 784
414 785
413 786
413 787
412 788
412 789
411 790
411 792
410 793
410 794
409 795
409 796
408 797
408 798
407 799
407 800
406 801
406 804
405 805
405 807
404 808
404 809
403 810
403 811
401 813
401 818
400 819
400 821
399 822
399 824
398 825
398 827
397 828
397 830
396 831
396 835
395 836
395 839
394 840
394 843
393 844
393 848
392 849
392 853
391 854
391 865
390 866
390 875
389 876
389 911
390 912
390 921
391 922
391 933
392 934
392 939
393 940
393 943
394 944
394 948
395 949
395 952
396 953
396 957
397 958
397 959
398 960
398 962
399 963
399 966
400 967
400 969
401 970
401 974
403 976
403 977
404 978
404 980
405 981
405 982
406 983
406 987
407 988
407 989
408 990
408 991
409 992
409 993
411 995
411 998
413 1000
413 1001
414 1002
414 1003
415 1004
415 1005
416 1006
416 1008
418 1010
418 1011
420 1013
420 1014
421 1015
421 1017
423 1019
423 1020
426 1023
426 1025
428 1027
428 1028
430 1030
430 1031
432 1033
432 1034
435 1037
435 1038
436 1039
436 1040
441 1045
441 1046
445 1050
445 1051
450 1056
450 1057
455 1062
455 1063
456 1063
472 1079
473 1079
478 1084
479 1084
482 1087
483 1087
487 1091
488 1091
491 1094
492 1094
495 1097
496 1097
498 1099
499 1099
501 1101
502 1101
503 1102
504 1102
506 1104
507 1104
509 1106
510 1106
511 1107
512 1107
514 1109
515 1109
516 1110
518 1110
520 1112
521 1112
522 1113
523 1113
524 1114
525 1114
526 1115
527 1115
528 1116
529 1116
530 1117
532 1117
534 1119
536 1119
537 1120
538 1120
539 1121
541 1121
542 1122
543 1122
544 1123
546 1123
547 1124
548 1124
549 1125
551 1125
552 1126
553 1126
554 1127
556 1127
557 1128
559 1128
560 1129
562 1129
563 1130
566 1130
567 1131
569 1131
570 1132
573 1132
574 1133
577 1133
578 1134
583 1134
584 1135
587 1135
588 1136
592 1136
593 1137
600 1137
601 1138
607 1138
608 1139
619 1139
620 1140
650 1140
651 1139
661 1139
662 1138
670 1138
671 1137
677 1137
678 1136
682 1136
683 1135
686 1135
687 1134
692 1134
693 1133
696 1133
697 1134
696 1135
695 1135
694 1136
691 1136
689 1138
687 1138
686 1139
685 1139
684 1140
682 1140
681 1141
680 1141
679 1142
678 1142
677 1143
675 1143
674 1144
673 1144
672 1145
671 1145
670 1146
669 1146
668 1147
666 1147
665 1148
664 1148
663 1149
662 1149
661 1150
660 1150
659 1151
657 1151
656 1152
655 1152
654 1153
653 1153
651 1155
649 1155
648 1156
647 1156
645 1158
643 1158
641 1160
640 1160
639 1161
637 1161
636 1162
635 1162
634 1163
633 1163
631 1165
629 1165
628 1166
627 1166
625 1168
624 1168
623 1169
622 1169
620 1171
619 1171
618 1172
617 1172
615 1174
613 1174
611 1176
610 1176
609 1177
608 1177
606 1179
605 1179
604 1180
603 1180
601 1182
600 1182
599 1183
598 1183
596 1185
595 1185
592 1188
591 1188
590 1189
589 1189
586 1192
585 1192
582 1195
581 1195
580 1196
579 1196
576 1199
575 1199
570 1204
569 1204
564 1209
563 1209
563 1210
561 1212
560 1212
554 1218
553 1217
552 1218
553 1219
553 1220
551 1222
550 1222
549 1223
548 1223
544 1227
544 1228
541 1231
541 1232
540 1233
540 1234
539 1235
539 1237
538 1238
538 1239
537 1240
537 1241
536 1242
536 1243
535 1244
535 1245
537 1247
536 1248
536 1249
535 1250
534 1250
534 1254
535 1255
535 1256
534 1257
534 1262
535 1263
535 1269
536 1270
536 1272
537 1273
537 1274
538 1275
538 1277
539 1278
539 1282
540 1283
540 1284
541 1285
541 1286
542 1287
542 1288
543 1289
543 1291
544 1292
544 1293
546 1295
546 1296
547 1297
547 1298
549 1300
549 1301
554 1306
554 1307
558 1311
558 1312
561 1315
561 1316
563 1318
563 1319
568 1324
568 1325
573 1330
573 1331
585 1343
586 1343
588 1345
588 1346
589 1347
590 1347
600 1357
601 1357
603 1359
603 1360
604 1361
605 1361
614 1370
615 1370
617 1372
617 1373
618 1374
619 1374
626 1381
625 1382
624 1382
623 1381
622 1381
620 1379
619 1379
618 1378
617 1378
615 1376
613 1376
611 1374
610 1374
609 1373
608 1373
607 1372
606 1372
605 1371
604 1371
603 1370
602 1370
601 1369
600 1369
599 1368
598 1368
597 1367
596 1367
595 1366
593 1366
591 1364
589 1364
587 1362
585 1362
584 1361
583 1361
582 1360
581 1360
580 1359
578 1359
576 1357
574 1357
573 1356
572 1356
571 1355
569 1355
568 1354
566 1354
565 1353
564 1353
563 1352
561 1352
560 1351
558 1351
557 1350
556 1350
555 1349
554 1349
553 1348
551 1348
550 1347
548 1347
547 1346
546 1346
545 1345
543 1345
542 1344
541 1344
540 1343
539 1343
538 1342
536 1342
535 1341
533 1341
532 1340
529 1340
528 1339
526 1339
525 1338
521 1338
520 1337
518 1337
517 1336
514 1336
513 1335
511 1335
510 1334
508 1334
507 1333
504 1333
503 1332
500 1332
499 1331
496 1331
495 1330
493 1330
492 1329
489 1329
488 1328
485 1328
484 1327
480 1327
479 1326
476 1326
475 1325
471 1325
470 1324
466 1324
465 1323
460 1323
459 1322
454 1322
453 1321
448 1321
447 1320
443 1320
442 1319
436 1319
435 1318
429 1318
428 1317
421 1317
420 1316
412 1316
411 1315
402 1315
401 1314
390 1314
389 1313
375 1313
374 1312
352 1312
351 1311
314 1311
313 1312
299 1312
298 1313
291 1313
290 1314
285 1314
284 1315
279 1315
278 1316
274 1316
273 1317
270 1317
269 1318
266 1318
265 1319
261 1319
260 1320
258 1320
257 1321
254 1321
253 1322
250 1322
249 1323
246 1323
245 1324
243 1324
242 1325
239 1325
238 1326
236 1326
235 1327
233 1327
232 1328
230 1328
229 1329
228 1329
227 1330
225 1330
224 1331
223 1331
222 1332
220 1332
219 1333
218 1333
217 1334
215 1334
214 1335
213 1335
212 1336
210 1336
208 1338
206 1338
205 1339
204 1339
203 1340
201 1340
200 1341
199 1341
198 1342
197 1342
196 1343
195 1343
193 1345
191 1345
189 1347
188 1347
187 1348
186 1348
184 1350
183 1350
182 1351
181 1351
179 1353
178 1353
177 1354
176 1354
174 1356
173 1356
172 1357
171 1357
168 1360
167 1360
164 1363
163 1363
159 1367
158 1367
153 1372
152 1372
140 1384
140 1385
131 1394
131 1395
129 1397
129 1398
126 1401
126 1402
123 1405
123 1406
121 1408
121 1409
119 1411
119 1412
116 1415
116 1417
115 1418
115 1419
112 1422
112 1423
111 1424
111 1425
110 1426
110 1427
109 1428
109 1429
107 1431
107 1432
106 1433
106 1434
105 1435
105 1437
103 1439
103 1440
102 1441
102 1443
101 1444
101 1445
100 1446
100 1447
98 1449
98 1450
97 1451
97 1454
96 1455
96 1456
95 1457
95 1459
94 1460
94 1461
92 1463
92 1465
91 1466
91 1468
90 1469
90 1471
89 1472
89 1473
88 1474
88 1476
87 1477
87 1479
86 1480
87 1481
86 1482
86 1483
85 1484
85 1487
84 1488
84 1490
83 1491
83 1494
82 1495
82 1504
81 1505
81 1509
80 1510
80 1516
79 1517
79 1523
78 1524
78 1600
79 1601
79 1608
80 1609
80 1615
81 1616
81 1621
82 1622
82 1632
83 1633
83 1636
84 1637
84 1640
85 1641
85 1643
86 1644
86 1649
87 1650
87 1652
88 1653
88 1655
89 1656
89 1658
90 1659
90 1662
91 1663
91 1665
92 1666
92 1669
93 1670
93 1671
94 1672
94 1673
95 1674
95 1676
96 1677
96 1679
97 1680
97 1684
98 1685
98 1686
99 1687
99 1688
100 1689
100 1690
101 1691
101 1693
102 1694
102 1697
103 1698
103 1699
104 1700
104 1701
105 1702
105 1704
106 1705
106 1707
107 1708
107 1709
108 1710
108 1711
109 1712
109 1713
110 1714
110 1716
111 1717
111 1719
112 1720
112 1721
113 1722
113 1723
115 1725
115 1726
116 1727
116 1730
117 1731
117 1732
118 1733
118 1734
119 1735
119 1736
120 1737
120 1738
121 1739
121 1741
123 1743
123 1744
124 1745
124 1746
125 1747
125 1748
126 1749
126 1751
129 1754
129 1755
130 1756
130 1757
131 1758
131 1760
132 1761
132 1762
134 1764
134 1765
136 1767
136 1769
138 1771
138 1772
140 1774
140 1775
141 1776
141 1777
142 1778
142 1779
144 1781
144 1782
146 1784
146 1786
148 1788
148 1789
151 1792
151 1794
153 1796
153 1797
155 1799
155 1800
157 1802
157 1803
160 1806
160 1807
161 1808
161 1809
165 1813
165 1814
166 1815
166 1816
168 1818
168 1819
170 1821
170 1822
174 1826
174 1827
175 1828
175 1829
180 1834
180 1835
182 1837
182 1838
185 1841
185 1842
190 1847
190 1848
195 1853
195 1854
200 1859
200 1860
205 1865
205 1866
210 1871
210 1872
211 1873
212 1873
215 1876
215 1877
220 1882
220 1883
221 1884
222 1884
224 1886
224 1887
226 1889
227 1889
229 1891
229 1892
239 1902
239 1903
240 1903
255 1918
256 1918
259 1921
259 1922
260 1922
266 1928
267 1928
269 1930
269 1931
270 1932
271 1932
275 1936
276 1936
278 1938
278 1939
279 1940
280 1940
285 1945
286 1945
291 1950
292 1950
293 1951
293 1952
294 1952
296 1954
297 1954
298 1955
298 1956
299 1956
303 1960
304 1960
308 1964
309 1964
313 1968
314 1968
316 1970
317 1970
320 1973
321 1973
325 1977
326 1977
330 1981
331 1981
333 1983
334 1983
337 1986
338 1986
340 1988
341 1988
342 1989
342 1990
343 1990
344 1991
345 1991
349 1995
350 1995
352 1997
353 1997
355 1999
356 1999
358 2001
359 2001
362 2004
363 2004
364 2005
365 2005
367 2007
368 2007
369 2008
370 2008
373 2011
374 2011
375 2012
376 2012
378 2014
379 2014
380 2015
381 2015
382 2016
383 2016
384 2017
385 2017
386 2018
387 2018
388 2019
389 2019
391 2021
392 2021
393 2022
395 2022
397 2024
398 2024
399 2025
400 2025
401 2026
402 2026
403 2027
404 2027
406 2029
407 2029
408 2030
410 2030
412 2032
414 2032
415 2033
416 2033
417 2034
418 2034
419 2035
420 2035
421 2036
422 2036
423 2037
424 2037
425 2038
426 2038
427 2039
428 2039
429 2040
430 2040
431 2041
432 2041
433 2042
434 2042
436 2044
438 2044
439 2045
440 2045
441 2046
442 2046
443 2047
444 2047
445 2048
446 2048
447 2049
448 2049
449 2050
450 2050
451 2051
452 2051
453 2052
454 2052
455 2053
456 2053
457 2054
458 2054
459 2055
460 2055
461 2056
463 2056
464 2057
465 2057
466 2058
468 2058
469 2059
470 2059
471 2060
473 2060
474 2061
476 2061
477 2062
479 2062
480 2063
481 2063
482 2064
484 2064
485 2065
488 2065
489 2066
491 2066
492 2067
494 2067
495 2068
498 2068
499 2069
501 2069
502 2070
504 2070
505 2071
507 2071
508 2072
509 2072
510 2073
512 2073
513 2074
515 2074
516 2075
518 2075
519 2076
520 2076
521 2077
523 2077
524 2078
527 2078
528 2079
530 2079
531 2080
533 2080
534 2081
537 2081
538 2082
541 2082
542 2083
546 2083
547 2084
550 2084
551 2085
553 2085
554 2086
558 2086
559 2087
562 2087
563 2088
566 2088
567 2089
571 2089
572 2090
576 2090
577 2091
576 2092
539 2092
538 2091
537 2091
536 2092
501 2092
500 2093
490 2093
489 2094
481 2094
480 2095
473 2095
472 2096
465 2096
464 2097
458 2097
457 2098
452 2098
451 2099
446 2099
445 2100
441 2100
440 2101
435 2101
434 2102
430 2102
429 2103
426 2103
425 2104
421 2104
420 2105
417 2105
416 2106
413 2106
412 2107
409 2107
408 2108
405 2108
404 2109
402 2109
401 2110
397 2110
396 2111
394 2111
393 2112
391 2112
390 2113
388 2113
387 2114
385 2114
384 2115
382 2115
381 2116
379 2116
378 2117
376 2117
375 2118
373 2118
372 2119
371 2119
370 2120
367 2120
366 2121
365 2121
364 2122
362 2122
361 2123
360 2123
359 2124
357 2124
356 2125
355 2125
354 2126
352 2126
351 2127
349 2127
348 2128
347 2128
346 2129
344 2129
343 2130
342 2130
341 2131
339 2131
338 2132
337 2132
336 2133
335 2133
334 2134
333 2134
332 2135
331 2135
330 2136
329 2136
328 2137
327 2137
326 2138
325 2138
324 2139
323 2139
322 2140
321 2140
320 2141
319 2141
318 2142
317 2142
316 2143
315 2143
314 2144
313 2144
312 2145
311 2145
310 2146
309 2146
307 2148
306 2148
305 2149
304 2149
302 2151
301 2151
299 2153
298 2153
296 2155
295 2155
294 2156
293 2156
290 2159
289 2159
286 2162
285 2162
284 2163
283 2163
280 2166
279 2166
275 2170
274 2170
274 2171
273 2172
272 2172
266 2178
265 2178
253 2190
253 2191
250 2194
249 2194
249 2195
244 2200
244 2201
242 2203
242 2204
239 2207
239 2208
236 2211
236 2212
234 2214
234 2215
231 2218
231 2219
229 2221
229 2223
228 2224
228 2225
225 2228
225 2229
224 2230
224 2232
222 2234
222 2235
221 2236
221 2237
220 2238
220 2239
219 2240
219 2241
218 2242
218 2243
217 2244
217 2245
216 2246
216 2247
215 2248
215 2252
214 2253
214 2255
213 2256
213 2257
211 2259
211 2261
210 2262
210 2267
209 2268
209 2272
208 2273
208 2276
207 2277
207 2281
206 2282
206 2287
205 2288
205 2298
204 2299
204 2333
205 2334
205 2346
206 2347
206 2353
207 2354
207 2359
208 2360
208 2366
209 2367
209 2371
210 2372
210 2381
211 2382
211 2385
212 2386
212 2387
213 2388
213 2391
214 2392
214 2395
215 2396
215 2399
1039 2399
1038 2398
1038 2397
1037 2396
1037 2395
1035 2393
1035 2391
1034 2390
1034 2388
1031 2385
1031 2384
1030 2383
1030 2382
1029 2381
1029 2379
1027 2377
1027 2376
1024 2373
1024 2371
1022 2369
1022 2368
1020 2366
1020 2365
1019 2364
1019 2363
1017 2361
1017 2360
1015 2358
1015 2357
1014 2356
1014 2355
1010 2351
1010 2350
1009 2349
1009 2348
1005 2344
1005 2343
1004 2342
1004 2341
999 2336
999 2335
995 2331
995 2330
994 2329
994 2328
986 2320
986 2319
980 2313
980 2312
975 2307
975 2306
974 2306
970 2302
970 2301
949 2280
948 2280
945 2277
945 2276
944 2276
938 2270
937 2270
936 2269
936 2268
935 2267
934 2267
931 2264
931 2263
930 2263
928 2261
927 2261
926 2260
926 2259
925 2258
924 2258
919 2253
918 2253
916 2251
916 2250
915 2250
910 2245
909 2245
905 2241
904 2241
899 2236
898 2236
894 2232
893 2232
891 2230
891 2229
890 2229
888 2227
887 2227
884 2224
883 2224
882 2223
882 2222
881 2222
879 2220
878 2220
877 2219
877 2218
876 2218
874 2216
873 2216
872 2215
872 2214
871 2214
870 2213
869 2213
865 2209
864 2209
862 2207
861 2207
857 2203
856 2203
855 2202
854 2202
850 2198
849 2198
846 2195
845 2195
842 2192
840 2192
837 2189
836 2189
835 2188
834 2188
831 2185
830 2185
827 2182
826 2182
825 2181
824 2181
821 2178
820 2178
819 2177
818 2177
816 2175
815 2175
813 2173
812 2173
811 2172
810 2172
808 2170
807 2170
806 2169
805 2169
803 2167
802 2167
800 2165
799 2165
797 2163
796 2163
795 2162
794 2162
792 2160
790 2160
788 2158
787 2158
786 2157
785 2157
783 2155
782 2155
781 2154
780 2154
779 2153
778 2153
777 2152
776 2152
774 2150
773 2150
772 2149
771 2149
770 2148
769 2148
768 2147
767 2147
766 2146
765 2146
763 2144
761 2144
760 2143
759 2143
758 2142
756 2142
755 2141
754 2141
753 2140
751 2140
749 2138
747 2138
746 2137
745 2137
744 2136
743 2136
742 2135
740 2135
739 2134
738 2134
737 2133
735 2133
734 2132
733 2132
732 2131
730 2131
729 2130
728 2130
727 2129
725 2129
724 2128
723 2128
722 2127
720 2127
719 2126
717 2126
716 2125
714 2125
713 2124
711 2124
710 2123
709 2123
708 2122
706 2122
705 2121
704 2121
703 2120
701 2120
700 2119
698 2119
697 2118
696 2118
695 2117
692 2117
691 2116
690 2116
689 2115
686 2115
685 2114
683 2114
682 2113
680 2113
679 2112
677 2112
676 2111
674 2111
673 2110
669 2110
668 2109
666 2109
665 2108
662 2108
661 2107
659 2107
658 2106
656 2106
655 2105
652 2105
651 2104
648 2104
647 2103
645 2103
644 2102
645 2101
655 2101
656 2102
736 2102
737 2101
749 2101
750 2100
760 2100
761 2099
770 2099
771 2098
784 2098
785 2097
792 2097
793 2096
798 2096
799 2095
803 2095
804 2094
808 2094
809 2093
813 2093
814 2092
818 2092
819 2091
822 2091
823 2090
826 2090
827 2089
831 2089
832 2088
835 2088
836 2087
839 2087
840 2086
842 2086
843 2085
847 2085
848 2084
850 2084
851 2083
855 2083
856 2082
859 2082
860 2081
862 2081
863 2080
866 2080
867 2079
869 2079
870 2078
872 2078
873 2077
874 2077
875 2076
877 2076
878 2075
880 2075
881 2074
882 2074
883 2073
885 2073
886 2072
887 2072
888 2071
890 2071
891 2070
892 2070
893 2069
895 2069
896 2068
897 2068
898 2067
900 2067
902 2065
904 2065
905 2064
906 2064
908 2062
909 2062
910 2061
911 2061
913 2059
914 2059
915 2058
916 2058
918 2056
919 2056
920 2055
921 2055
923 2053
924 2053
925 2052
926 2052
928 2050
929 2050
930 2049
931 2049
933 2047
934 2047
936 2045
937 2045
938 2044
939 2044
942 2041
943 2041
944 2040
945 2040
945 2039
946 2038
947 2038
948 2037
949 2037
953 2033
955 2033
955 2032
956 2031
957 2031
959 2029
960 2029
960 2028
963 2025
964 2025
965 2024
965 2023
968 2020
969 2020
970 2019
970 2018
973 2015
974 2015
975 2014
975 2013
980 2008
980 2007
982 2005
982 2004
984 2002
985 2002
985 2000
987 1998
987 1997
990 1994
990 1992
993 1989
993 1988
994 1987
994 1986
995 1985
995 1983
997 1981
997 1980
999 1978
999 1976
1001 1974
1001 1973
1002 1972
1002 1971
1003 1970
1003 1969
1004 1968
1004 1967
1005 1966
1005 1965
1006 1964
1006 1963
1007 1962
1007 1961
1008 1960
1008 1959
1009 1958
1009 1954
1010 1953
1010 1952
1011 1951
1011 1950
1013 1948
1013 1946
1014 1945
1014 1942
1015 1941
1015 1938
1016 1937
1016 1935
1017 1934
1017 1932
1019 1930
1019 1925
1020 1924
1020 1920
1021 1919
1021 1915
1022 1914
1022 1910
1023 1909
1023 1903
1024 1902
1024 1864
1023 1863
1023 1855
1022 1854
1022 1848
1021 1847
1021 1842
1020 1841
1020 1835
1019 1834
1019 1827
1018 1826
1018 1825
1017 1824
1017 1821
1016 1820
1016 1818
1015 1817
1015 1813
1014 1812
1014 1807
1013 1806
1013 1804
1012 1803
1012 1802
1011 1801
1011 1800
1010 1799
1010 1797
1009 1796
1009 1792
1008 1791
1008 1790
1007 1789
1007 1787
1006 1786
1006 1784
1005 1783
1005 1781
1004 1780
1004 1779
1003 1778
1003 1777
1002 1776
1002 1774
1001 1773
1001 1772
1000 1771
1000 1769
999 1768
999 1765
997 1763
997 1762
996 1761
996 1760
995 1759
995 1757
994 1756
994 1754
993 1753
993 1752
992 1751
992 1750
991 1749
991 1748
990 1747
990 1745
988 1743
988 1742
987 1741
987 1740
986 1739
986 1738
985 1737
985 1735
984 1734
984 1733
982 1731
982 1730
981 1729
981 1728
980 1727
980 1725
979 1724
979 1723
977 1721
977 1720
975 1718
975 1716
974 1715
974 1714
972 1712
972 1711
971 1710
971 1709
970 1708
970 1707
967 1704
967 1703
966 1702
966 1701
965 1700
965 1698
961 1694
961 1693
960 1692
960 1691
959 1690
959 1689
957 1687
957 1686
956 1685
956 1684
954 1682
954 1681
951 1678
951 1677
950 1676
950 1675
947 1672
947 1671
945 1669
945 1668
944 1667
944 1666
941 1663
941 1662
939 1660
939 1659
936 1656
936 1655
933 1652
933 1651
931 1649
931 1648
928 1645
928 1644
926 1642
926 1641
921 1636
921 1635
917 1631
917 1630
916 1629
916 1628
911 1623
911 1622
906 1617
906 1616
901 1611
901 1610
896 1605
896 1604
891 1599
891 1598
890 1597
889 1597
888 1596
888 1595
882 1589
882 1588
872 1578
872 1577
871 1576
870 1576
867 1573
867 1572
857 1562
857 1561
856 1561
852 1557
852 1556
851 1556
847 1552
847 1551
846 1551
843 1548
843 1547
841 1545
840 1545
837 1542
837 1541
836 1540
835 1540
832 1537
832 1536
831 1536
828 1533
828 1532
827 1531
826 1531
823 1528
823 1527
822 1527
818 1523
818 1522
817 1522
807 1512
806 1512
803 1509
803 1508
802 1508
796 1502
795 1502
793 1500
793 1499
792 1499
787 1494
786 1494
782 1490
781 1490
778 1487
777 1487
773 1483
772 1483
768 1479
767 1479
763 1475
762 1475
759 1472
758 1472
754 1468
753 1468
752 1467
751 1467
747 1463
746 1463
743 1460
742 1460
739 1457
738 1457
734 1453
733 1453
732 1452
731 1452
728 1449
727 1449
723 1445
722 1445
719 1442
718 1442
716 1440
715 1440
713 1438
712 1438
708 1434
707 1434
706 1433
707 1432
709 1432
711 1434
713 1434
714 1435
715 1435
716 1436
717 1436
718 1437
719 1437
720 1438
722 1438
723 1439
724 1439
725 1440
726 1440
727 1441
729 1441
731 1443
733 1443
734 1444
735 1444
736 1445
737 1445
738 1446
739 1446
740 1447
742 1447
743 1448
744 1448
745 1449
746 1449
747 1450
749 1450
751 1452
753 1452
754 1453
756 1453
757 1454
758 1454
759 1455
761 1455
762 1456
764 1456
765 1457
766 1457
767 1458
769 1458
770 1459
772 1459
773 1460
774 1460
775 1461
777 1461
778 1462
780 1462
781 1463
783 1463
784 1464
785 1464
786 1465
788 1465
789 1466
791 1466
792 1467
794 1467
795 1468
798 1468
799 1469
802 1469
803 1470
806 1470
807 1471
810 1471
811 1472
815 1472
816 1473
819 1473
820 1474
823 1474
824 1475
829 1475
830 1476
836 1476
837 1477
843 1477
844 1478
851 1478
852 1479
865 1479
866 1480
888 1480
889 1479
901 1479
902 1478
910 1478
911 1477
916 1477
917 1476
922 1476
923 1475
927 1475
928 1474
931 1474
932 1473
935 1473
936 1472
939 1472
940 1471
942 1471
943 1470
946 1470
947 1469
949 1469
950 1468
951 1468
952 1467
955 1467
957 1465
959 1465
960 1464
961 1464
962 1463
963 1463
964 1462
965 1462
966 1461
967 1461
968 1460
969 1460
970 1459
971 1459
972 1458
973 1458
974 1457
975 1457
977 1455
978 1455
979 1454
980 1454
982 1452
983 1452
984 1451
985 1451
985 1450
986 1449
987 1449
988 1448
989 1448
992 1445
993 1445
998 1440
999 1440
1007 1432
1008 1432
1009 1431
1009 1430
1013 1426
1014 1426
1014 1425
1019 1420
1019 1419
1024 1414
1024 1413
1029 1408
1029 1406
1034 1401
1034 1399
1036 1397
1036 1396
1038 1394
1038 1393
1039 1392
1039 1391
1040 1390
1040 1389
1041 1388
1041 1387
1042 1386
1042 1385
1044 1383
1044 1380
1045 1379
1045 1378
1046 1377
1046 1376
1048 1374
1048 1371
1049 1370
1049 1367
1050 1366
1050 1364
1051 1363
1051 1361
1052 1360
1052 1358
1053 1357
1053 1354
1054 1353
1054 1349
1055 1348
1055 1342
1056 1341
1056 1333
1057 1332
1057 1319
1056 1318
1056 1310
1055 1309
1055 1304
1054 1303
1054 1299
1053 1298
1053 1294
1052 1293
1052 1291
1051 1290
1051 1287
1050 1286
1050 1284
1049 1283
1049 1280
1048 1279
1048 1276
1047 1275
1047 1274
1046 1273
1046 1272
1045 1271
1045 1270
1044 1269
1044 1266
1043 1265
1043 1264
1042 1263
1042 1262
1041 1261
1041 1260
1040 1259
1040 1258
1039 1257
1039 1256
1038 1255
1038 1254
1037 1253
1037 1252
1035 1250
1035 1249
1034 1248
1034 1246
1031 1243
1031 1242
1029 1240
1029 1238
1027 1236
1027 1235
1024 1232
1024 1231
1023 1230
1023 1229
1020 1226
1020 1225
1019 1224
1019 1223
1018 1223
1017 1222
1017 1221
1014 1218
1014 1217
1009 1212
1009 1211
1005 1207
1005 1206
999 1200
999 1199
998 1199
995 1196
995 1195
992 1192
991 1192
990 1191
990 1190
988 1188
987 1188
985 1186
985 1185
984 1184
983 1184
978 1179
977 1179
972 1174
971 1174
970 1173
970 1172
969 1172
967 1170
966 1170
963 1167
962 1167
959 1164
958 1164
956 1162
955 1162
953 1160
952 1160
950 1158
949 1158
948 1157
947 1157
944 1154
943 1154
942 1153
941 1153
939 1151
938 1151
937 1150
936 1150
934 1148
933 1148
932 1147
931 1147
930 1146
929 1146
928 1145
927 1145
925 1143
924 1143
923 1142
922 1142
921 1141
920 1141
919 1140
918 1140
917 1139
916 1139
915 1138
914 1138
913 1137
912 1137
911 1136
910 1136
909 1135
907 1135
906 1134
905 1134
904 1133
902 1133
901 1132
900 1132
899 1131
897 1131
896 1130
894 1130
893 1129
892 1129
891 1128
888 1128
887 1127
886 1127
885 1126
882 1126
881 1125
879 1125
878 1124
877 1124
876 1123
873 1123
872 1122
870 1122
869 1121
867 1121
866 1120
862 1120
861 1119
858 1119
857 1118
854 1118
853 1117
849 1117
848 1116
844 1116
843 1115
838 1115
837 1114
785 1114
784 1113
785 1112
774 1112
774 1113
773 1114
769 1114
768 1115
762 1115
761 1116
756 1116
755 1117
750 1117
749 1118
745 1118
744 1119
741 1119
740 1120
738 1120
737 1121
734 1121
733 1120
734 1119
735 1119
736 1118
738 1118
739 1117
740 1117
741 1116
743 1116
745 1114
747 1114
748 1113
749 1113
751 1111
752 1111
753 1110
754 1110
756 1108
757 1108
758 1107
759 1107
761 1105
762 1105
763 1104
764 1104
766 1102
767 1102
768 1101
769 1101
771 1099
772 1099
774 1097
775 1097
777 1095
778 1095
781 1092
782 1092
786 1088
787 1088
791 1084
792 1084
796 1080
797 1080
802 1075
803 1075
803 1074
807 1070
808 1070
808 1069
811 1066
812 1066
813 1065
813 1064
817 1060
818 1060
818 1059
819 1058
819 1057
820 1056
821 1056
823 1054
823 1053
827 1049
827 1048
832 1043
832 1041
837 1036
837 1035
838 1034
838 1033
840 1031
840 1030
843 1027
843 1026
844 1025
844 1024
846 1022
846 1021
847 1020
847 1019
848 1018
848 1017
850 1015
850 1014
852 1012
852 1010
853 1009
853 1008
854 1007
854 1006
856 1004
856 1003
857 1002
857 1000
858 999
858 998
859 997
859 996
860 995
860 994
862 992
862 989
863 988
863 987
864 986
864 985
865 984
865 983
866 982
866 981
867 980
867 976
868 975
868 973
869 972
869 970
870 969
870 968
871 967
871 966
872 965
872 960
873 959
873 957
874 956
874 953
875 952
875 949
876 948
876 946
877 945
877 940
878 939
878 934
879 933
879 928
880 927
880 921
881 920
881 909
882 908
882 879
881 878
881 868
880 867
880 860
879 859
879 854
878 853
878 849
877 848
877 843
876 842
876 839
875 838
875 835
874 834
874 832
873 831
873 828
872 827
872 822
871 821
871 820
870 819
870 818
869 817
869 816
868 815
868 813
867 812
867 808
866 807
866 806
865 805
865 804
864 803
864 802
863 801
863 799
862 798
862 796
861 795
861 794
860 793
860 792
859 791
859 790
858 789
858 788
857 787
857 785
855 783
855 782
854 781
854 780
853 779
853 778
852 777
852 775
849 772
849 771
847 769
847 767
845 765
845 764
843 762
843 761
842 760
842 759
839 756
839 755
837 753
837 752
834 749
834 748
832 746
832 745
828 741
828 740
824 736
824 735
818 729
818 728
801 711
800 711
793 704
792 704
787 699
786 699
783 696
782 696
781 695
780 695
777 692
776 692
773 689
772 689
771 688
770 688
767 685
766 685
764 683
763 683
762 682
761 682
759 680
757 680
756 679
755 679
753 677
752 677
751 676
750 676
749 675
748 675
747 674
746 674
744 672
742 672
741 671
740 671
739 670
738 670
737 669
736 669
735 668
734 668
733 667
732 667
731 666
729 666
728 665
726 665
725 664
724 664
723 663
721 663
720 662
718 662
717 661
715 661
714 660
712 660
711 659
709 659
708 658
706 658
705 657
702 657
701 656
699 656
698 655
695 655
694 654
691 654
690 653
686 653
685 652
682 652
681 651
676 651
675 650
669 650
668 649
661 649
660 648
645 648
644 647

