LogLevel=1
#if ParamVersion changed, cocf.fw will be regenerated
ParamVersion=5
FWVersion=1061368
PanelCalibration=1
PanelNitsCalibration=1
CMDebug=0
inParam100nits=1
DualInterpolation=1
ForcePanelIdMatch=1
GammaCorrection=1
GammaWK=1


#PanelName=PanelId, PanelName:be set at dts, PanelId: 0~99:primary panel(default without setting), 100~199: secondary panel
24749_A0020_P_7_Vivid=0.684 0.3200 0.2640 0.6890 0.1485 0.0570 0.2965 0.3067 2.2 0.684 0.3200 0.2640 0.6890 0.1492 0.0590 0.2965 0.3067 2.2 1 0 0 0 0 0 0 2.19 1 1 0 0 0 0 0 0.03 0.03 0.04 0.05 0.06  1  0  0  0  0  0  0  0  0  0  0  0  0  1  0  0  0  0  0  0  0  0  0  0  0  0  0  0  0  0  0  0 0  0  0  0  0  0  0  0  0  0  0  0  0  0  0  0
24749_A0020_P_7_Nature=0.645 0.3300 0.3000 0.5990 0.1500 0.0600 0.3089 0.3227 2.2 0.645 0.3300 0.3000 0.5990 0.1500 0.0600 0.3089 0.3227 2.2 1 0 0 0 0 0 0 2.12 1 1 0 0 0 0 0 0.03 0.03 0.04 0.05 0.06  1  0  0  0  0  0  0  0  0  0  0  0  0  1  0  0  0  0  0  0  0  0  0  0  0  0  0  0  0  0  0  0  0  0  0  0  0  0  0  0  0  0  0  0  0  0  0  0
24749_A0020_P_7_Cinema=0.684 0.3200 0.2640 0.6890 0.1485 0.0570 0.3089 0.3227 2.2 0.684 0.3200 0.2640 0.6890 0.1492 0.0590 0.3089 0.3227 2.2 1 0 0 0 0 0 0 2.12 1 1 0 0 0 0 0 0.03 0.03 0.04 0.05 0.06  1  0  0  0  0  0  0  0  0  0  0  0  0  1  0  0  0  0  0  0  0  0  0  0  0  0  0  0  0  0  0  0  0  0  0  0  0  0  0  0  0  0  0  0  0  0  0  0

24749_A0020_P_7_Vivid_100nits=0.684 0.3200 0.2640 0.6890 0.1485 0.0570 0.2965 0.3067 2.2 0.684 0.3200 0.2640 0.6890 0.1492 0.0590 0.2965 0.3067 2.2 1 0 0 0 0 0 0 2.19 1 1 0 0 0 0 0 0.03 0.03 0.04 0.05 0.06  1  0  0  0  0  0  0  0  0  0  0  0  0  1  0  0  0  0  0  0  0  0  0  0  0  0  0  0  0  0  0  0 0  0  0  0  0  0  0  0  0  0  0  0  0  0  0  0
24749_A0020_P_7_Nature_100nits=0.645 0.3300 0.3000 0.5990 0.1500 0.0600 0.3089 0.3227 2.2 0.645 0.3300 0.3000 0.5990 0.1500 0.0600 0.3089 0.3227 2.2 1 0 0 0 0 0 0 2.12 1 1 0 0 0 0 0 0.03 0.03 0.04 0.05 0.06  1  0  0  0  0  0  0  0  0  0  0  0  0  1  0  0  0  0  0  0  0  0  0  0  0  0  0  0  0  0  0  0 0  0  0  0  0  0  0  0  0  0  0  0  0  0  0  0
24749_A0020_P_7_Cinema_100nits=0.684 0.3200 0.2640 0.6890 0.1485 0.0570 0.3089 0.3227 2.2 0.684 0.3200 0.2640 0.6890 0.1492 0.0590 0.3089 0.3227 2.2 1 0 0 0 0 0 0 2.12 1 1 0 0 0 0 0 0.03 0.03 0.04 0.05 0.06  1  0  0  0  0  0  0  0  0  0  0  0  0  1  0  0  0  0  0  0  0  0  0  0  0  0  0  0  0  0  0  0 0  0  0  0  0  0  0  0  0  0  0  0  0  0  0  0

24749_A0020_P_7_Vivid_2nits=0.684 0.3200 0.2640 0.6890 0.1485 0.0570 0.2965 0.3067 2.2 0.684 0.3200 0.2640 0.6890 0.1492 0.0590 0.2965 0.3067 2.2 1 0 0 0 0 0 0 2.19 1 1 0 0 0 0 0 0.03 0.03 0.04 0.05 0.06  1  0  0  0  0  0  0  0  0  0  0  0  0  1  0  0  0  0  0  0  0  0  0  0  0  0  0  0  0  0  0  0 0  0  0  0  0  0  0  0  0  0  0  0  0  0  0  0
24749_A0020_P_7_Nature_2nits=0.645 0.3300 0.3000 0.5990 0.1500 0.0600 0.3089 0.3227 2.2 0.645 0.3300 0.3000 0.5990 0.1500 0.0600 0.3089 0.3227 2.2 1 0 0 0 0 0 0 2.12 1 1 0 0 0 0 0 0.03 0.03 0.04 0.05 0.06  1  0  0  0  0  0  0  0  0  0  0  0  0  1  0  0  0  0  0  0  0  0  0  0  0  0  0  0  0  0  0  0 0  0  0  0  0  0  0  0  0  0  0  0  0  0  0  0
24749_A0020_P_7_Cinema_2nits=0.684 0.3200 0.2640 0.6890 0.1485 0.0570 0.3089 0.3227 2.2 0.684 0.3200 0.2640 0.6890 0.1492 0.0590 0.3089 0.3227 2.2 1 0 0 0 0 0 0 2.12 1 1 0 0 0 0 0 0.03 0.03 0.04 0.05 0.06  1  0  0  0  0  0  0  0  0  0  0  0  0  1  0  0  0  0  0  0  0  0  0  0  0  0  0  0  0  0  0  0 0  0  0  0  0  0  0  0  0  0  0  0  0  0  0  0

24749_A0020_P_3_Vivid=0.682 0.3225 0.2681 0.6861 0.1500 0.0600 0.2976 0.3105 2.2 0.6662 0.323 0.271 0.668 0.1500 0.0600 0.2976 0.3105 2.2 1 0 0 0 0 0 0 2.19 1 1 0 0 0 0 0 0.03 0.03 0.04 0.05 0.06  1  0  0  0  0  0  0  0  0  0  0  0  0  1  0  0  0  0  0  0  0  0  0  0  0  0  0  0  0  0  0  0 0  0  0  0  0  0  0  0  0  0  0  0  0  0  0  0
24749_A0020_P_3_Nature=0.640 0.3331 0.3001 0.6001 0.1460 0.0570 0.3127 0.3290 2.2 0.640 0.3331 0.3001 0.6001 0.1460 0.0570 0.3127 0.3290 2.2 1 0 0 0 0 0 0 2.12 1 1 0 0 0 0 0 0.03 0.03 0.04 0.05 0.06  1  0  0  0  0  0  0  0  0  0  0  0  0  1  0  0  0  0  0  0  0  0  0  0  0  0  0  0  0  0  0  0  0  0  0  0  0  0  0  0  0  0  0  0  0  0  0  0
24749_A0020_P_3_Cinema=0.683 0.323 0.2671 0.6911 0.1460 0.0570 0.3127 0.3290 2.2 0.684 0.322 0.268 0.665 0.1460 0.0570 0.3127 0.3290 2.2 1 0 0 0 0 0 0 2.12 1 1 0 0 0 0 0 0.03 0.03 0.04 0.05 0.06  1  0  0  0  0  0  0  0  0  0  0  0  0  1  0  0  0  0  0  0  0  0  0  0  0  0  0  0  0  0  0  0  0  0  0  0  0  0  0  0  0  0  0  0  0  0  0  0

24749_A0020_P_3_Vivid_100nits=0.682 0.3225 0.2681 0.6861 0.1500 0.0600 0.2976 0.3105 2.2 0.6662 0.323 0.271 0.668 0.1500 0.0600 0.2976 0.3105 2.2 1 0 0 0 0 0 0 2.19 1 1 0 0 0 0 0 0.03 0.03 0.04 0.05 0.06  1  0  0  0  0  0  0  0  0  0  0  0  0  1  0  0  0  0  0  0  0  0  0  0  0  0  0  0  0  0  0  0 0  0  0  0  0  0  0  0  0  0  0  0  0  0  0  0
24749_A0020_P_3_Nature_100nits=0.640 0.3331 0.3001 0.6001 0.1460 0.0570 0.3127 0.3290 2.2 0.640 0.3331 0.3001 0.6001 0.1460 0.0570 0.3127 0.3290 2.2 1 0 0 0 0 0 0 2.12 1 1 0 0 0 0 0 0.03 0.03 0.04 0.05 0.06  1  0  0  0  0  0  0  0  0  0  0  0  0  1  0  0  0  0  0  0  0  0  0  0  0  0  0  0  0  0  0  0 0  0  0  0  0  0  0  0  0  0  0  0  0  0  0  0
24749_A0020_P_3_Cinema_100nits=0.683 0.3231 0.2671 0.6881 0.1460 0.0570 0.3127 0.3290 2.2 0.684 0.322 0.268 0.668 0.1460 0.0570 0.3127 0.3290 2.2 1 0 0 0 0 0 0 2.12 1 1 0 0 0 0 0 0.03 0.03 0.04 0.05 0.06  1  0  0  0  0  0  0  0  0  0  0  0  0  1  0  0  0  0  0  0  0  0  0  0  0  0  0  0  0  0  0  0 0  0  0  0  0  0  0  0  0  0  0  0  0  0  0  0

24749_A0020_P_3_Vivid_2nits=0.682 0.3225 0.2681 0.6861 0.1500 0.0600 0.2976 0.3105 2.2 0.6662 0.323 0.271 0.668 0.1500 0.0600 0.2976 0.3105 2.2 1 0 0 0 0 0 0 2.19 1 1 0 0 0 0 0 0.03 0.03 0.04 0.05 0.06  1  0  0  0  0  0  0  0  0  0  0  0  0  1  0  0  0  0  0  0  0  0  0  0  0  0  0  0  0  0  0  0 0  0  0  0  0  0  0  0  0  0  0  0  0  0  0  0
24749_A0020_P_3_Nature_2nits=0.640 0.3331 0.3001 0.6001 0.1460 0.0570 0.3127 0.3290 2.2 0.640 0.3331 0.3001 0.6001 0.1460 0.0570 0.3127 0.3290 2.2 1 0 0 0 0 0 0 2.12 1 1 0 0 0 0 0 0.03 0.03 0.04 0.05 0.06  1  0  0  0  0  0  0  0  0  0  0  0  0  1  0  0  0  0  0  0  0  0  0  0  0  0  0  0  0  0  0  0 0  0  0  0  0  0  0  0  0  0  0  0  0  0  0  0
24749_A0020_P_3_Cinema_2nits=0.694 0.324 0.2671 0.6901 0.1460 0.0570 0.3127 0.3290 2.2 0.692 0.318 0.268 0.672 0.1460 0.0570 0.3127 0.3290 2.2 1 0 0 0 0 0 0 2.12 1 1 0 0 0 0 0 0.03 0.03 0.04 0.05 0.06  1  0  0  0  0  0  0  0  0  0  0  0  0  1  0  0  0  0  0  0  0  0  0  0  0  0  0  0  0  0  0  0 0  0  0  0  0  0  0  0  0  0  0  0  0  0  0  0
