565 954
568 957
568 959
569 960
569 962
567 964
561 964
560 963
556 963
552 967
549 967
543 973
540 973
538 975
538 977
536 979
534 979
532 981
529 981
524 986
524 987
523 988
523 989
522 990
522 997
521 998
521 1000
524 1000
525 999
526 999
528 997
529 998
529 999
528 1000
528 1002
527 1003
527 1007
526 1008
526 1012
525 1013
525 1014
524 1015
524 1016
523 1017
523 1018
522 1019
522 1020
521 1021
521 1022
520 1023
520 1024
519 1025
519 1026
518 1027
518 1029
517 1030
517 1041
516 1042
516 1044
514 1046
513 1046
512 1047
511 1047
510 1048
506 1048
505 1047
504 1048
497 1048
496 1047
495 1048
493 1048
492 1049
489 1049
488 1048
486 1048
485 1047
484 1048
482 1048
481 1047
480 1048
477 1048
475 1050
473 1050
472 1049
470 1049
469 1048
468 1048
467 1047
466 1047
465 1046
464 1046
463 1045
461 1045
460 1044
459 1044
458 1043
454 1043
453 1044
452 1044
451 1045
448 1045
447 1044
446 1044
445 1043
442 1043
441 1044
439 1044
437 1046
437 1048
436 1049
436 1053
437 1054
437 1055
436 1056
436 1057
434 1059
434 1060
430 1064
429 1064
427 1066
426 1066
424 1068
423 1068
422 1069
421 1069
420 1070
419 1070
416 1073
415 1073
414 1074
413 1074
411 1076
410 1076
407 1079
406 1079
405 1080
404 1080
398 1086
397 1086
395 1088
394 1088
393 1089
392 1089
391 1090
390 1090
388 1092
387 1092
385 1094
384 1094
380 1098
379 1098
371 1106
370 1106
369 1107
369 1108
368 1109
368 1110
367 1111
367 1115
368 1116
368 1121
367 1122
367 1124
363 1128
363 1129
361 1131
360 1131
358 1133
357 1133
356 1132
357 1133
357 1134
352 1139
351 1139
348 1142
347 1142
342 1147
341 1147
338 1150
337 1150
334 1153
333 1153
329 1157
328 1157
327 1158
327 1159
326 1160
326 1161
325 1162
325 1167
324 1168
324 1170
323 1171
323 1172
322 1173
322 1175
321 1176
321 1181
320 1182
320 1188
321 1189
321 1193
320 1194
320 1195
319 1196
319 1197
318 1198
318 1200
317 1201
317 1202
315 1204
315 1205
314 1206
314 1207
313 1208
313 1209
312 1210
312 1211
311 1212
311 1213
310 1214
310 1218
308 1220
308 1221
307 1222
307 1224
306 1225
306 1227
305 1228
305 1232
304 1233
304 1239
303 1240
304 1241
303 1242
303 1245
302 1246
302 1247
301 1248
301 1252
300 1253
300 1256
299 1257
299 1261
298 1262
298 1264
297 1265
297 1266
296 1267
296 1269
295 1270
295 1272
294 1273
294 1275
293 1276
293 1279
292 1280
292 1282
291 1283
291 1284
290 1285
290 1287
287 1290
287 1291
286 1292
286 1294
285 1295
285 1298
282 1301
282 1302
281 1303
281 1304
280 1305
280 1307
279 1308
279 1311
278 1312
278 1313
277 1314
277 1316
276 1317
276 1318
275 1319
275 1325
274 1326
274 1327
273 1328
273 1329
272 1330
272 1331
271 1332
271 1334
270 1335
270 1336
269 1337
269 1338
268 1339
268 1342
267 1343
267 1347
266 1348
266 1358
265 1359
265 1360
264 1361
264 1363
263 1364
263 1371
264 1372
264 1381
265 1382
265 1385
266 1386
266 1392
265 1393
265 1394
264 1395
264 1398
263 1399
263 1405
264 1406
264 1407
263 1408
263 1410
264 1411
264 1415
263 1416
263 1425
262 1426
262 1429
261 1430
261 1432
260 1433
260 1437
259 1438
259 1444
258 1445
258 1461
257 1462
258 1463
258 1465
257 1466
257 1468
256 1469
256 1480
255 1481
255 1483
254 1484
254 1487
253 1488
253 1494
252 1495
252 1503
251 1504
251 1509
250 1510
250 1514
249 1515
249 1518
248 1519
248 1522
247 1523
247 1526
246 1527
246 1529
245 1530
245 1532
244 1533
244 1536
243 1537
243 1539
242 1540
242 1543
241 1544
241 1547
240 1548
240 1552
239 1553
239 1556
238 1557
238 1561
237 1562
237 1564
236 1565
236 1566
235 1567
235 1569
234 1570
234 1571
233 1572
233 1573
232 1574
232 1575
231 1576
231 1577
230 1578
230 1579
229 1580
229 1582
228 1583
228 1586
227 1587
227 1591
228 1592
228 1593
227 1594
227 1595
228 1596
228 1598
229 1599
229 1600
230 1601
230 1602
237 1609
237 1610
233 1614
233 1615
228 1620
228 1621
222 1627
221 1627
217 1631
216 1631
212 1635
211 1635
205 1641
204 1641
170 1675
170 1676
166 1680
166 1681
163 1684
163 1685
161 1687
161 1688
159 1690
159 1691
157 1693
157 1694
154 1697
154 1698
153 1699
153 1700
152 1701
152 1702
150 1704
150 1705
149 1706
149 1707
148 1708
148 1710
147 1711
147 1712
146 1713
146 1715
145 1716
145 1717
143 1719
143 1721
142 1722
142 1723
141 1724
141 1726
140 1727
140 1728
139 1729
139 1730
138 1731
138 1732
137 1733
137 1734
136 1735
136 1736
135 1737
135 1739
134 1740
134 1741
133 1742
133 1743
132 1744
132 1745
131 1746
131 1748
130 1749
130 1750
129 1751
129 1753
128 1754
128 1755
127 1756
127 1758
126 1759
126 1760
125 1761
125 1763
124 1764
124 1766
123 1767
123 1769
122 1770
122 1772
121 1773
121 1774
120 1775
120 1776
119 1777
119 1778
118 1779
118 1781
117 1782
117 1783
116 1784
116 1786
115 1787
115 1788
114 1789
114 1790
113 1791
113 1792
112 1793
112 1795
111 1796
111 1797
110 1798
110 1799
109 1800
109 1802
108 1803
108 1804
107 1805
107 1807
106 1808
106 1809
105 1810
105 1812
104 1813
104 1814
103 1815
103 1816
102 1817
102 1819
101 1820
101 1821
100 1822
100 1823
99 1824
99 1826
98 1827
98 1828
97 1829
97 1831
96 1832
96 1834
95 1835
95 1836
94 1837
94 1838
93 1839
93 1840
92 1841
92 1842
91 1843
91 1844
89 1846
88 1845
88 1843
87 1842
87 1839
86 1838
86 1829
87 1828
87 1824
88 1823
88 1821
89 1820
89 1818
90 1817
90 1815
91 1814
91 1813
92 1812
92 1810
93 1809
93 1807
94 1806
94 1804
93 1804
92 1805
88 1805
87 1806
86 1806
87 1807
86 1808
85 1808
85 1810
84 1811
83 1811
84 1812
83 1813
82 1813
81 1814
81 1815
80 1816
81 1817
80 1818
80 1820
79 1821
79 1822
78 1823
78 1826
76 1828
77 1829
77 1830
76 1831
76 1833
75 1834
75 1835
76 1836
76 1844
75 1845
76 1845
77 1846
77 1847
75 1849
76 1848
77 1849
77 1850
76 1851
76 1855
77 1856
77 1865
76 1866
70 1866
68 1868
67 1867
65 1867
63 1869
62 1869
61 1870
60 1870
59 1871
42 1871
41 1872
36 1872
35 1873
34 1873
33 1874
31 1874
29 1876
28 1876
25 1879
24 1879
22 1881
20 1881
19 1882
18 1882
16 1884
15 1884
14 1885
13 1885
11 1887
10 1887
7 1890
6 1890
1 1895
0 1895
0 2027
1 2028
1 2030
2 2031
2 2034
3 2035
3 2036
5 2038
5 2047
6 2048
6 2056
7 2057
7 2061
8 2062
8 2066
7 2067
8 2068
8 2074
7 2075
7 2078
6 2079
6 2083
5 2084
5 2087
4 2088
4 2091
3 2092
3 2095
2 2096
2 2099
1 2100
1 2105
0 2106
0 2399
1079 2399
1079 1219
1078 1220
1077 1220
1075 1222
1074 1222
1071 1225
1070 1225
1068 1227
1067 1227
1066 1228
1065 1228
1063 1230
1060 1230
1059 1231
1059 1232
1058 1233
1057 1233
1056 1234
1052 1234
1051 1233
1048 1233
1047 1232
1045 1232
1043 1230
1044 1229
1043 1228
1042 1228
1041 1227
1041 1226
1040 1225
1040 1224
1039 1223
1039 1222
1038 1221
1038 1220
1036 1218
1036 1217
1035 1216
1035 1215
1034 1214
1034 1213
1032 1211
1032 1210
1031 1210
1029 1208
1029 1207
1027 1205
1027 1204
1025 1202
1025 1201
1023 1199
1023 1198
1021 1196
1021 1195
1019 1193
1019 1192
1018 1191
1018 1190
1016 1188
1016 1187
1014 1185
1014 1184
1011 1181
1011 1180
1010 1179
1010 1178
1008 1176
1008 1175
1006 1173
1006 1172
1004 1170
1004 1169
1003 1168
1003 1167
1001 1165
1001 1163
1000 1162
1000 1161
999 1160
999 1159
997 1157
997 1156
996 1155
996 1154
995 1153
995 1152
993 1150
993 1148
991 1146
990 1146
989 1145
989 1144
987 1142
987 1141
985 1139
985 1138
984 1137
984 1136
981 1133
981 1132
979 1130
979 1129
977 1127
977 1126
973 1122
973 1121
968 1116
968 1115
960 1107
960 1106
953 1099
953 1098
935 1080
934 1080
927 1073
926 1073
923 1070
922 1070
919 1067
918 1067
915 1064
914 1064
913 1063
912 1063
911 1062
910 1062
909 1061
908 1061
907 1060
905 1060
904 1059
899 1059
898 1058
894 1058
893 1057
892 1057
891 1056
889 1056
888 1055
883 1055
882 1054
877 1054
876 1053
873 1053
872 1052
868 1052
867 1051
866 1051
865 1050
859 1050
858 1049
856 1049
855 1048
851 1048
850 1047
848 1047
844 1043
843 1043
842 1042
828 1042
827 1041
827 1040
826 1040
825 1039
822 1039
821 1038
812 1038
811 1037
804 1037
803 1036
794 1036
793 1035
789 1035
788 1034
787 1034
786 1033
783 1033
782 1032
779 1032
778 1031
771 1031
770 1030
769 1030
768 1029
767 1029
766 1028
763 1028
762 1027
759 1027
758 1026
755 1026
754 1025
750 1025
749 1024
746 1024
745 1023
739 1023
738 1022
721 1022
720 1023
711 1023
710 1024
707 1024
706 1025
699 1025
698 1026
685 1026
684 1025
683 1026
671 1026
670 1027
663 1027
662 1026
661 1026
660 1025
660 1022
659 1021
659 1020
658 1019
658 1017
657 1016
657 1014
656 1013
656 1012
655 1011
655 1010
653 1008
653 1007
649 1003
649 1002
648 1001
648 1000
643 995
642 995
639 992
637 992
634 989
633 989
631 987
629 987
628 986
627 986
626 985
625 985
624 984
621 984
620 983
612 983
611 984
602 984
601 983
591 983
590 982
589 982
588 981
588 980
580 972
580 971
579 970
579 969
576 966
576 963
574 961
571 961
570 960
570 959
569 958
569 957
568 956
568 955
567 954

