380 718
379 719
371 719
370 720
365 720
364 721
359 721
358 722
354 722
353 723
350 723
349 724
345 724
344 725
342 725
341 726
338 726
337 727
334 727
333 728
331 728
330 729
328 729
327 730
325 730
324 731
322 731
321 732
319 732
318 733
316 733
315 734
313 734
312 735
311 735
310 736
308 736
307 737
306 737
305 738
304 738
303 739
301 739
300 740
299 740
298 741
296 741
294 743
293 743
292 744
291 744
290 745
289 745
288 746
287 746
286 747
285 747
284 748
283 748
281 750
280 750
279 751
278 751
277 752
276 752
274 754
273 754
272 755
271 755
269 757
268 757
265 760
264 760
263 761
262 761
260 763
259 763
255 767
254 767
250 771
249 771
242 778
241 778
240 779
240 780
239 781
238 781
236 783
236 784
235 785
234 785
231 788
231 789
230 790
229 790
228 791
228 792
227 793
226 793
226 794
225 795
224 795
224 796
219 801
219 802
218 803
217 803
217 804
215 806
215 807
214 808
213 808
212 809
212 810
210 812
210 813
209 814
208 814
208 815
207 816
207 817
203 821
203 823
200 826
200 827
199 828
198 828
198 830
196 832
196 833
194 835
194 837
191 840
191 841
190 842
190 843
189 844
189 845
187 847
187 849
185 851
185 852
184 853
184 855
182 857
182 859
181 860
181 861
180 862
180 863
179 864
179 865
177 867
177 871
176 872
176 873
175 874
175 876
174 877
174 878
173 879
173 882
172 883
172 884
171 885
171 886
170 887
170 890
169 891
169 892
168 893
168 898
167 899
167 900
166 901
166 904
165 905
165 908
164 909
164 913
163 914
163 920
162 921
162 923
161 924
160 924
161 925
161 932
160 933
159 932
159 930
158 929
159 928
159 926
159 927
158 928
157 927
157 926
156 926
156 927
157 928
154 931
153 931
152 932
149 929
151 927
152 928
152 929
152 928
151 927
150 927
150 928
148 930
148 931
147 932
145 930
145 929
141 929
140 930
140 931
139 932
138 932
137 931
138 930
138 929
138 930
137 931
137 932
138 933
137 934
136 934
135 933
135 931
134 931
133 930
134 929
135 929
135 928
136 927
138 927
138 926
137 925
136 925
135 926
133 926
132 925
131 925
131 926
130 927
131 927
132 928
131 929
129 929
128 928
128 926
129 925
129 924
128 925
128 926
127 927
126 926
126 925
124 923
123 924
122 923
121 923
120 922
119 923
118 922
114 922
113 921
113 920
112 920
112 921
111 922
109 922
108 921
104 921
103 920
102 921
101 921
100 920
99 920
98 921
90 921
89 920
88 921
85 921
84 920
83 921
80 921
79 922
78 921
76 921
75 922
74 922
73 921
72 922
71 922
70 921
69 922
64 922
63 923
62 922
61 923
60 922
58 922
57 923
50 923
49 924
48 924
47 923
46 924
42 924
41 925
36 925
35 926
34 925
33 926
31 926
30 927
28 927
27 928
26 927
25 928
24 928
23 929
21 929
20 930
18 930
17 931
16 931
15 932
11 932
9 934
8 934
7 935
5 935
4 936
2 936
1 937
0 937
0 1181
1 1180
2 1181
2 1182
1 1183
0 1183
0 1184
1 1185
0 1186
0 1198
1 1199
1 1200
0 1201
0 1218
1 1219
1 1221
0 1222
0 1229
1 1230
0 1231
0 1250
1 1250
2 1251
1 1250
1 1249
2 1248
4 1250
4 1252
2 1254
1 1253
0 1253
0 1255
2 1255
3 1256
1 1258
1 1260
0 1261
0 1262
1 1263
0 1264
0 1281
1 1280
2 1281
3 1281
4 1280
6 1282
5 1283
4 1283
3 1284
2 1284
1 1283
0 1284
0 1285
1 1286
0 1287
0 1456
1 1457
0 1458
0 1494
1 1495
1 1496
0 1497
0 1501
1 1502
0 1503
0 1520
1 1521
1 1522
0 1523
0 1529
1 1530
0 1531
1 1532
1 1534
0 1535
1 1536
0 1537
0 1542
1 1543
0 1544
0 1564
1 1565
0 1566
0 1850
1 1850
2 1849
3 1850
3 1849
4 1848
6 1850
3 1853
2 1852
1 1852
0 1853
4 1853
5 1852
6 1852
7 1853
7 1857
10 1860
10 1861
9 1862
10 1863
11 1862
12 1863
12 1862
11 1862
10 1861
11 1860
10 1859
9 1859
8 1858
9 1857
10 1857
10 1856
11 1855
12 1856
12 1858
13 1859
13 1860
14 1860
12 1858
12 1857
14 1855
16 1857
16 1858
17 1859
16 1860
16 1861
15 1862
17 1860
18 1860
19 1861
19 1863
17 1865
16 1865
15 1864
16 1865
16 1866
17 1865
18 1865
18 1864
19 1863
20 1864
20 1865
21 1864
23 1866
23 1867
21 1869
22 1868
23 1868
24 1867
25 1867
26 1868
25 1869
26 1870
25 1871
25 1872
26 1873
27 1872
28 1873
27 1872
28 1871
29 1871
29 1870
28 1870
27 1869
27 1868
28 1867
29 1868
30 1867
31 1867
32 1868
32 1869
31 1870
31 1872
32 1873
31 1872
31 1870
32 1869
33 1870
33 1871
34 1870
34 1869
35 1868
37 1868
37 1867
39 1865
40 1866
40 1867
39 1868
39 1870
38 1871
37 1871
35 1873
34 1873
34 1875
33 1876
32 1875
31 1876
30 1875
32 1877
31 1878
30 1878
29 1877
28 1877
29 1877
31 1879
31 1880
31 1878
32 1877
33 1877
34 1878
33 1879
33 1880
34 1880
37 1883
39 1883
39 1882
40 1881
42 1883
42 1885
40 1887
39 1886
39 1885
38 1886
37 1885
36 1885
36 1887
37 1886
39 1886
41 1888
41 1889
42 1889
42 1888
43 1887
45 1889
44 1890
45 1891
45 1892
45 1891
46 1890
47 1890
50 1887
51 1888
51 1889
50 1890
50 1892
51 1892
52 1893
52 1894
53 1895
51 1897
50 1896
50 1894
50 1896
51 1897
51 1898
52 1897
53 1897
54 1896
55 1896
56 1895
57 1896
57 1897
56 1898
56 1899
57 1899
59 1897
60 1898
60 1899
59 1900
60 1899
61 1900
61 1901
60 1902
60 1903
60 1902
62 1900
65 1900
66 1901
66 1903
67 1903
68 1904
68 1906
67 1907
66 1907
67 1907
68 1906
69 1907
69 1908
70 1908
71 1909
70 1910
69 1910
70 1910
71 1911
70 1910
71 1909
72 1909
73 1908
74 1909
74 1910
75 1911
76 1911
77 1912
77 1913
79 1913
80 1914
82 1914
83 1915
83 1916
84 1917
83 1916
83 1915
82 1914
83 1913
82 1914
80 1914
79 1913
79 1912
77 1912
76 1911
75 1911
74 1910
75 1909
78 1909
79 1910
76 1907
76 1906
77 1905
77 1904
78 1903
79 1904
79 1907
81 1909
81 1910
82 1909
84 1909
86 1911
86 1912
85 1913
86 1912
88 1912
90 1914
90 1915
92 1917
92 1918
91 1919
89 1917
90 1918
90 1919
91 1919
92 1918
93 1919
93 1920
95 1922
96 1922
95 1922
94 1921
94 1920
95 1919
96 1919
96 1918
97 1917
98 1918
98 1923
100 1921
100 1920
101 1919
102 1919
101 1918
101 1917
99 1917
98 1916
99 1915
100 1915
101 1914
102 1915
103 1914
104 1915
104 1916
103 1917
104 1918
104 1919
105 1918
106 1918
106 1917
108 1915
109 1916
109 1917
108 1918
108 1919
110 1921
109 1922
108 1922
107 1921
106 1921
105 1922
104 1921
103 1922
102 1922
102 1923
104 1923
106 1921
107 1922
110 1922
111 1923
113 1923
114 1924
114 1925
112 1927
111 1926
109 1926
111 1926
112 1927
112 1928
112 1927
116 1923
117 1924
117 1925
116 1926
116 1927
119 1927
121 1925
122 1926
122 1928
124 1930
123 1931
122 1931
122 1932
124 1930
125 1930
125 1929
126 1928
126 1927
128 1925
129 1925
130 1926
130 1924
131 1923
129 1923
128 1922
129 1921
130 1921
131 1920
131 1919
132 1918
133 1919
134 1919
135 1920
133 1922
133 1924
132 1925
134 1927
134 1929
137 1932
137 1931
138 1930
140 1932
140 1933
141 1932
141 1930
142 1929
143 1930
143 1933
142 1934
142 1936
144 1936
145 1935
143 1935
142 1934
144 1932
145 1933
144 1932
145 1931
146 1931
148 1933
148 1934
147 1935
148 1934
149 1935
149 1936
148 1937
148 1938
149 1937
150 1937
151 1936
152 1936
151 1935
152 1934
152 1933
150 1931
150 1930
151 1929
152 1929
153 1928
154 1929
154 1932
156 1932
157 1933
157 1934
158 1935
158 1936
157 1937
156 1937
156 1938
160 1938
162 1936
163 1936
164 1937
163 1938
165 1936
166 1936
167 1937
167 1938
166 1939
167 1939
168 1940
169 1940
168 1939
168 1938
169 1937
171 1939
171 1940
171 1939
170 1938
170 1937
171 1936
172 1937
173 1937
173 1935
174 1934
172 1932
172 1930
173 1929
174 1930
174 1931
175 1932
176 1932
177 1933
177 1934
177 1933
178 1932
179 1933
179 1935
177 1937
176 1937
175 1936
176 1937
175 1938
175 1939
173 1941
174 1940
175 1940
176 1939
175 1938
176 1937
178 1937
179 1938
179 1939
181 1937
181 1936
182 1935
180 1937
179 1937
178 1936
179 1935
179 1934
180 1933
181 1933
181 1932
180 1931
180 1930
181 1929
182 1929
183 1930
183 1932
185 1934
185 1936
186 1935
188 1937
189 1937
190 1938
189 1939
190 1939
190 1938
191 1937
190 1936
190 1934
191 1933
192 1934
192 1935
195 1938
194 1939
193 1939
194 1940
194 1941
193 1942
192 1942
193 1942
194 1941
195 1942
194 1941
196 1939
195 1938
195 1937
194 1936
195 1935
196 1935
197 1936
197 1937
198 1937
199 1938
199 1939
200 1940
200 1941
200 1940
199 1939
200 1938
201 1938
201 1937
202 1936
203 1937
204 1937
206 1939
207 1939
209 1941
209 1942
210 1941
211 1942
211 1941
210 1940
211 1939
212 1939
213 1938
214 1939
215 1939
217 1937
219 1937
220 1938
220 1937
221 1936
222 1936
221 1935
221 1933
220 1934
219 1933
219 1932
220 1931
220 1930
219 1931
218 1930
218 1929
219 1928
221 1928
222 1929
222 1930
224 1932
223 1933
224 1933
225 1934
224 1935
224 1936
225 1935
226 1936
228 1936
229 1935
230 1935
231 1934
231 1933
232 1932
233 1933
234 1933
235 1934
234 1933
234 1932
233 1931
233 1930
234 1929
236 1931
236 1932
237 1933
237 1934
238 1933
239 1934
240 1933
241 1933
242 1934
242 1935
241 1936
240 1936
241 1936
242 1935
245 1935
245 1934
244 1933
244 1932
243 1932
244 1933
243 1934
242 1934
241 1933
239 1933
238 1932
239 1931
240 1931
239 1931
237 1933
236 1932
236 1931
237 1930
237 1929
238 1928
240 1928
241 1929
242 1929
242 1928
243 1927
244 1927
245 1928
245 1929
244 1930
245 1930
245 1928
246 1927
248 1927
250 1925
250 1924
251 1923
252 1923
253 1924
253 1925
252 1926
252 1927
251 1928
250 1928
251 1929
251 1930
250 1931
249 1931
248 1930
247 1930
247 1932
248 1933
250 1931
252 1931
253 1930
255 1932
259 1932
260 1931
261 1932
261 1933
261 1932
260 1931
260 1930
262 1928
263 1929
263 1932
264 1933
265 1932
266 1933
266 1935
267 1936
266 1935
266 1933
268 1931
270 1933
270 1934
270 1932
271 1931
272 1932
272 1934
272 1932
273 1931
274 1932
275 1931
277 1933
277 1934
283 1934
283 1933
282 1934
280 1932
282 1930
283 1931
283 1930
282 1929
284 1927
286 1929
286 1930
285 1931
286 1932
286 1931
287 1930
286 1929
287 1928
286 1929
285 1928
285 1927
284 1927
283 1926
283 1925
284 1924
285 1925
287 1925
290 1928
290 1927
291 1926
292 1927
292 1926
293 1925
293 1924
294 1923
295 1923
296 1922
297 1922
298 1921
300 1923
299 1924
299 1927
299 1924
300 1923
301 1924
300 1923
301 1922
302 1922
299 1922
296 1919
297 1918
298 1918
299 1917
302 1920
304 1920
305 1921
304 1922
305 1921
303 1919
302 1920
301 1919
301 1918
300 1917
300 1916
301 1915
302 1916
304 1916
305 1917
305 1918
305 1917
304 1916
304 1915
305 1914
307 1916
307 1917
309 1917
309 1916
308 1915
308 1913
307 1914
306 1913
306 1912
309 1909
310 1909
312 1911
313 1911
314 1912
315 1912
314 1911
313 1911
310 1908
312 1906
313 1907
313 1908
314 1909
313 1908
314 1907
315 1907
316 1906
319 1906
317 1906
316 1905
316 1904
315 1905
314 1905
313 1906
311 1904
311 1901
312 1900
313 1901
313 1902
314 1903
314 1902
315 1901
316 1902
317 1902
318 1903
318 1904
318 1903
317 1902
317 1900
318 1899
320 1901
320 1904
321 1904
322 1903
321 1903
320 1902
322 1900
323 1900
322 1899
324 1897
325 1898
326 1898
328 1900
329 1899
330 1900
331 1900
332 1901
332 1902
331 1903
332 1902
333 1903
332 1902
332 1901
331 1900
330 1900
329 1899
330 1898
332 1898
333 1897
332 1898
331 1897
331 1895
332 1894
333 1894
334 1895
335 1895
336 1896
335 1897
337 1895
340 1895
341 1896
341 1897
342 1896
343 1896
344 1897
344 1898
345 1899
344 1898
344 1897
343 1896
343 1895
344 1894
342 1896
340 1894
339 1895
338 1895
337 1894
338 1893
338 1892
339 1891
340 1892
341 1892
342 1893
344 1891
345 1892
346 1892
349 1889
350 1889
351 1888
350 1888
346 1892
345 1892
344 1891
346 1889
345 1890
344 1889
344 1888
345 1887
346 1887
347 1886
348 1887
350 1885
349 1885
346 1882
347 1881
348 1881
347 1880
348 1879
351 1879
352 1880
351 1881
350 1881
350 1882
351 1882
353 1884
352 1883
354 1881
355 1881
356 1882
356 1883
355 1884
355 1885
353 1887
352 1886
353 1887
354 1887
354 1886
357 1883
358 1884
358 1886
356 1888
356 1889
359 1886
360 1887
360 1885
361 1884
362 1884
363 1883
364 1883
364 1882
365 1881
365 1880
364 1879
363 1880
361 1878
362 1877
363 1877
363 1876
364 1875
365 1876
365 1877
367 1879
367 1880
368 1880
368 1879
369 1878
369 1874
370 1873
371 1874
371 1878
372 1879
372 1880
374 1878
375 1878
376 1879
376 1880
378 1878
377 1877
377 1876
378 1875
379 1876
378 1875
380 1873
381 1874
381 1876
382 1877
381 1878
380 1878
381 1879
383 1877
383 1876
384 1875
385 1876
386 1875
387 1875
388 1874
391 1874
392 1875
392 1874
393 1873
395 1873
396 1874
393 1871
394 1870
395 1870
396 1869
397 1870
397 1871
398 1870
399 1871
399 1872
400 1871
401 1872
402 1871
403 1872
403 1874
403 1872
404 1871
407 1871
408 1870
410 1870
411 1871
411 1866
412 1865
413 1866
413 1867
414 1867
415 1868
414 1869
415 1869
415 1868
416 1867
417 1867
419 1869
420 1868
419 1867
420 1866
421 1866
422 1867
423 1867
422 1866
423 1865
424 1865
425 1866
425 1867
426 1866
426 1865
427 1864
428 1865
428 1866
429 1867
428 1866
428 1865
429 1864
431 1866
431 1867
431 1866
430 1865
431 1864
431 1861
432 1860
433 1861
433 1863
434 1863
435 1864
434 1865
433 1865
433 1866
434 1866
434 1865
435 1864
436 1865
437 1865
439 1863
440 1863
442 1861
443 1862
443 1861
442 1860
442 1859
441 1858
443 1856
444 1857
444 1858
445 1857
446 1858
446 1859
447 1860
447 1859
448 1858
449 1859
450 1859
451 1858
451 1857
452 1856
453 1857
455 1855
455 1854
456 1853
457 1854
457 1855
458 1856
459 1855
460 1855
459 1854
460 1853
461 1853
462 1852
465 1855
465 1856
464 1857
466 1855
466 1854
467 1853
469 1853
469 1851
470 1850
472 1850
473 1849
474 1850
477 1850
476 1849
477 1848
478 1848
480 1850
481 1850
480 1849
480 1848
481 1847
481 1846
480 1846
479 1845
479 1844
480 1843
481 1843
482 1844
483 1844
484 1845
484 1846
483 1847
484 1846
485 1846
486 1847
486 1848
485 1849
486 1848
487 1848
487 1847
488 1846
489 1846
488 1846
487 1847
486 1846
486 1845
488 1843
489 1844
489 1843
490 1842
491 1843
492 1842
493 1843
493 1844
495 1842
494 1843
493 1842
493 1841
494 1840
495 1840
495 1839
496 1838
497 1839
496 1838
496 1837
497 1836
498 1837
499 1836
498 1836
497 1835
496 1835
495 1834
496 1833
496 1832
497 1831
498 1832
498 1833
498 1832
499 1831
501 1833
500 1832
500 1831
501 1830
503 1832
503 1833
504 1833
505 1834
506 1834
505 1833
506 1832
506 1831
508 1829
509 1829
509 1828
511 1826
511 1824
512 1823
515 1826
514 1827
514 1829
514 1827
515 1826
514 1825
514 1824
515 1823
514 1822
514 1820
515 1819
517 1819
518 1820
517 1821
517 1822
518 1821
519 1821
520 1820
519 1819
519 1818
520 1817
521 1818
520 1817
520 1816
519 1816
517 1814
517 1813
518 1812
520 1814
521 1814
522 1815
522 1816
523 1817
522 1816
522 1815
521 1814
522 1813
523 1813
524 1814
524 1815
525 1816
526 1815
525 1814
524 1814
523 1813
523 1812
524 1811
525 1811
528 1814
529 1814
528 1813
528 1812
526 1810
527 1809
529 1809
530 1810
530 1811
530 1810
531 1809
532 1809
533 1808
533 1807
534 1806
536 1808
536 1809
537 1810
536 1809
536 1808
537 1807
536 1808
535 1807
535 1805
536 1804
539 1804
539 1803
540 1802
541 1802
540 1801
541 1800
542 1800
545 1797
546 1798
546 1799
546 1798
545 1797
546 1796
546 1794
545 1793
546 1792
548 1792
549 1793
549 1792
551 1790
552 1791
552 1792
553 1791
552 1791
549 1788
549 1787
550 1786
551 1787
552 1786
553 1787
553 1789
555 1787
556 1788
555 1787
557 1785
558 1785
557 1784
557 1782
555 1782
554 1783
553 1782
553 1780
554 1779
555 1780
556 1779
557 1779
558 1780
558 1779
559 1778
559 1777
558 1776
559 1775
559 1774
560 1773
561 1774
561 1777
562 1778
561 1779
561 1780
563 1778
564 1778
566 1780
566 1781
565 1782
563 1782
564 1782
565 1783
565 1785
566 1786
566 1790
567 1791
567 1797
566 1798
566 1811
565 1812
565 1821
566 1822
566 1826
567 1826
567 1814
568 1813
569 1814
569 1827
568 1828
568 1836
569 1837
569 1853
570 1854
570 1864
571 1865
571 1868
572 1869
572 1878
573 1879
573 1882
574 1883
574 1899
573 1900
573 1906
572 1907
572 1937
573 1938
573 1943
574 1944
574 1953
575 1954
575 1956
576 1957
576 1961
577 1962
577 1963
579 1965
579 1969
580 1970
580 1971
581 1972
581 1974
582 1975
582 1976
583 1977
583 1982
585 1984
585 1985
586 1986
586 1989
587 1990
587 1992
588 1993
588 1996
590 1998
590 2002
591 2003
591 2005
592 2006
592 2007
593 2008
592 2009
592 2022
593 2023
593 2040
594 2041
594 2048
595 2049
595 2060
596 2061
596 2064
597 2065
597 2072
598 2073
598 2091
597 2092
597 2118
596 2119
596 2136
595 2137
595 2165
596 2166
596 2180
597 2181
597 2195
598 2196
598 2201
599 2202
599 2204
600 2205
600 2216
601 2217
601 2221
602 2222
602 2228
603 2229
603 2230
604 2231
604 2239
605 2240
605 2243
606 2244
606 2246
607 2247
607 2251
608 2252
608 2256
609 2257
609 2262
610 2263
610 2264
611 2265
611 2270
612 2271
612 2275
613 2276
613 2277
614 2278
614 2283
615 2284
615 2286
616 2287
616 2292
617 2293
617 2295
618 2296
618 2300
619 2301
619 2302
620 2303
620 2305
621 2306
621 2311
622 2312
622 2313
623 2314
623 2315
622 2316
622 2319
621 2320
621 2343
620 2344
620 2351
621 2352
621 2373
622 2374
622 2377
623 2378
623 2384
625 2386
625 2392
626 2393
626 2394
627 2395
627 2396
628 2397
628 2399
1079 2399
1079 1065
1078 1066
1074 1066
1073 1067
1069 1067
1068 1068
1064 1068
1063 1069
1060 1069
1059 1070
1057 1070
1056 1071
1053 1071
1052 1072
1051 1072
1050 1073
1048 1073
1047 1074
1046 1074
1045 1075
1043 1075
1041 1077
1039 1077
1038 1078
1037 1078
1036 1079
1035 1079
1033 1081
1032 1081
1031 1082
1030 1082
1029 1083
1028 1083
1027 1084
1025 1084
1024 1085
1020 1085
1019 1086
1017 1086
1016 1087
1014 1087
1013 1088
1012 1088
1011 1089
1010 1089
1009 1090
1008 1090
1007 1091
1006 1091
1004 1093
1003 1093
1002 1094
1001 1094
1001 1095
1000 1096
999 1096
997 1098
997 1099
995 1101
994 1101
994 1102
993 1103
993 1104
992 1105
992 1106
990 1108
987 1108
986 1109
985 1109
984 1110
983 1110
982 1111
980 1111
979 1112
978 1112
977 1113
976 1113
974 1115
973 1115
970 1118
969 1118
967 1120
966 1120
963 1123
962 1123
960 1125
959 1125
959 1126
958 1127
957 1127
953 1131
952 1131
949 1134
948 1134
944 1138
943 1138
940 1141
939 1141
937 1143
936 1143
935 1144
934 1144
932 1146
931 1146
928 1149
927 1149
926 1150
925 1150
923 1152
922 1152
920 1154
919 1154
918 1155
917 1155
917 1156
916 1157
915 1157
914 1158
913 1158
911 1160
910 1160
907 1163
906 1163
905 1164
904 1164
902 1166
901 1166
898 1169
897 1169
894 1172
893 1172
890 1175
889 1175
886 1178
885 1178
882 1181
881 1181
877 1185
876 1185
873 1188
872 1188
868 1192
867 1192
866 1193
866 1194
865 1195
864 1195
860 1199
859 1199
858 1200
858 1201
857 1202
856 1202
855 1203
854 1203
854 1204
851 1207
850 1207
847 1210
846 1210
845 1211
845 1212
844 1213
843 1213
841 1215
840 1215
840 1216
839 1217
838 1217
835 1220
834 1220
830 1224
829 1224
826 1227
825 1227
822 1230
821 1230
818 1233
817 1233
816 1234
815 1234
814 1235
813 1235
812 1236
811 1236
810 1237
808 1237
807 1238
805 1238
804 1239
803 1239
802 1240
800 1240
799 1241
797 1241
796 1242
794 1242
793 1243
791 1243
790 1244
788 1244
787 1245
785 1245
784 1246
782 1246
781 1247
777 1247
776 1248
773 1248
772 1249
768 1249
767 1250
761 1250
760 1251
749 1251
748 1252
740 1252
739 1253
720 1253
719 1254
711 1254
710 1253
704 1253
703 1252
704 1251
735 1251
736 1250
740 1250
740 1249
739 1248
740 1247
739 1246
739 1245
736 1242
736 1239
735 1239
734 1238
735 1237
735 1236
734 1235
733 1235
732 1234
733 1233
733 1232
734 1231
734 1230
733 1229
733 1228
732 1227
732 1225
733 1224
732 1224
731 1223
732 1222
732 1221
731 1221
729 1219
728 1219
727 1218
728 1217
729 1217
730 1216
732 1216
733 1217
733 1218
734 1217
734 1216
733 1217
731 1215
732 1214
734 1214
734 1212
733 1213
732 1212
732 1210
734 1208
735 1209
735 1210
736 1211
736 1210
734 1208
734 1207
735 1206
735 1205
735 1206
733 1208
732 1207
732 1206
730 1206
729 1205
730 1204
731 1204
731 1202
732 1201
732 1200
731 1199
732 1198
733 1198
735 1200
735 1201
735 1200
734 1199
734 1198
733 1198
732 1197
733 1196
733 1195
732 1196
731 1195
731 1194
730 1194
729 1193
729 1192
730 1191
731 1192
730 1191
731 1190
729 1188
729 1187
730 1186
729 1185
729 1184
727 1182
727 1180
725 1178
725 1177
725 1179
724 1180
723 1179
723 1177
722 1178
721 1177
721 1176
723 1174
726 1174
726 1173
727 1172
728 1172
729 1171
729 1170
728 1171
727 1171
727 1172
726 1173
725 1173
724 1172
725 1171
723 1171
721 1169
721 1168
722 1167
722 1166
721 1166
720 1165
720 1164
721 1163
722 1164
723 1163
724 1163
726 1161
725 1161
725 1162
724 1163
723 1163
722 1164
719 1161
720 1160
722 1160
723 1161
723 1160
720 1160
719 1161
718 1161
716 1159
716 1157
717 1156
718 1157
718 1158
718 1156
720 1154
721 1155
722 1155
723 1156
722 1157
723 1156
722 1155
723 1154
720 1154
718 1156
717 1156
716 1155
716 1154
715 1155
714 1154
714 1155
713 1156
712 1156
711 1155
712 1154
712 1151
713 1150
714 1151
714 1152
715 1152
712 1149
711 1149
709 1147
710 1146
709 1145
709 1144
706 1141
707 1140
708 1140
707 1140
706 1141
705 1140
704 1141
703 1140
703 1139
701 1137
702 1136
699 1133
700 1132
698 1132
697 1131
697 1129
696 1129
695 1128
695 1131
694 1132
692 1130
693 1129
693 1128
692 1128
693 1129
692 1130
691 1130
690 1129
690 1128
689 1127
689 1126
690 1125
691 1126
691 1125
690 1124
688 1124
687 1123
688 1122
689 1122
688 1122
687 1121
687 1120
685 1122
684 1121
682 1121
681 1122
680 1121
680 1120
681 1119
681 1118
679 1118
678 1117
678 1116
677 1115
677 1114
675 1116
675 1117
674 1118
672 1116
672 1117
671 1118
670 1117
669 1118
668 1117
668 1116
666 1114
665 1115
664 1114
663 1114
662 1113
660 1113
659 1112
659 1111
658 1112
657 1111
656 1111
655 1110
654 1110
654 1111
653 1112
652 1111
652 1108
654 1106
654 1105
653 1105
653 1107
652 1108
650 1106
651 1107
651 1109
650 1110
649 1109
648 1109
644 1105
643 1106
641 1106
640 1107
638 1105
639 1106
639 1107
637 1109
636 1108
635 1108
634 1107
635 1106
636 1106
636 1105
633 1105
632 1106
632 1107
631 1108
630 1107
630 1104
629 1104
630 1105
630 1106
629 1107
628 1107
627 1106
627 1105
626 1105
625 1104
626 1103
627 1103
626 1102
625 1102
624 1101
623 1101
622 1100
622 1099
620 1101
619 1100
619 1101
618 1102
617 1101
617 1100
615 1100
614 1099
616 1097
615 1098
614 1097
614 1099
615 1100
615 1101
616 1102
616 1104
615 1105
614 1104
614 1103
614 1104
612 1106
611 1106
610 1105
612 1103
612 1102
611 1102
608 1099
609 1100
609 1101
610 1101
611 1102
610 1103
609 1103
609 1104
610 1105
608 1107
606 1107
606 1108
605 1109
604 1108
604 1107
603 1106
603 1104
602 1104
601 1103
601 1102
602 1101
603 1102
604 1101
605 1101
605 1100
604 1101
603 1100
603 1099
606 1096
606 1095
608 1093
608 1091
611 1088
611 1087
613 1085
613 1083
615 1081
615 1080
617 1078
617 1076
620 1073
620 1071
621 1070
621 1069
622 1068
622 1067
623 1066
623 1065
624 1064
624 1063
625 1062
625 1060
627 1058
627 1056
629 1054
629 1052
630 1051
630 1049
631 1048
631 1046
632 1045
632 1044
633 1043
633 1042
634 1041
634 1037
635 1036
635 1035
636 1034
636 1032
637 1031
637 1029
638 1028
638 1024
639 1023
639 1020
640 1019
640 1018
641 1017
641 1013
642 1012
642 1010
643 1009
643 1002
644 1001
644 998
645 997
645 990
646 989
646 982
647 981
647 960
648 959
648 958
647 957
647 939
646 938
646 930
645 929
645 922
644 921
644 918
643 917
643 910
642 909
642 907
641 906
641 902
640 901
640 900
639 899
639 897
638 896
638 891
637 890
637 889
636 888
636 885
635 884
635 883
634 882
634 878
633 877
633 876
631 874
631 872
630 871
630 869
629 868
629 865
627 863
627 861
625 859
625 857
624 856
624 855
622 853
622 852
621 851
621 850
620 849
620 847
618 845
618 844
617 843
617 842
616 841
616 840
615 839
615 838
613 836
613 834
610 831
610 830
608 828
608 826
607 826
606 825
606 824
604 822
604 821
601 818
601 817
599 815
599 814
596 811
596 810
592 806
592 805
587 800
587 799
586 799
585 798
585 797
584 797
583 796
583 795
568 780
567 780
566 779
566 778
565 778
564 777
564 776
563 776
559 772
558 772
556 770
555 770
554 769
554 768
553 768
550 765
549 765
547 763
546 763
545 762
545 761
544 761
543 760
542 760
540 758
539 758
537 756
536 756
535 755
534 755
531 752
530 752
529 751
528 751
527 750
526 750
524 748
523 748
522 747
521 747
520 746
519 746
518 745
517 745
515 743
513 743
512 742
511 742
510 741
509 741
508 740
507 740
506 739
504 739
503 738
502 738
501 737
499 737
498 736
497 736
496 735
495 735
494 734
492 734
491 733
490 733
489 732
487 732
486 731
484 731
483 730
482 730
481 729
478 729
477 728
475 728
474 727
471 727
470 726
468 726
467 725
464 725
463 724
460 724
459 723
455 723
454 722
450 722
449 721
445 721
444 720
438 720
437 719
429 719
428 718

