640 677
638 679
632 679
631 680
625 680
624 681
622 681
621 682
618 682
617 683
613 683
612 684
610 684
609 685
605 685
604 686
602 686
601 687
599 687
598 688
596 688
595 689
592 689
591 690
589 690
588 691
585 691
584 692
583 692
582 693
579 693
578 694
576 694
575 695
573 695
572 696
570 696
569 697
567 697
566 698
564 698
563 699
562 699
561 700
558 700
557 701
554 701
553 702
551 702
550 703
548 703
547 704
544 704
543 705
541 705
540 706
537 706
536 707
533 707
532 708
530 708
529 709
527 709
526 710
525 709
524 709
523 708
522 708
521 707
520 707
519 706
518 706
517 705
515 705
514 704
513 704
510 701
508 701
507 700
505 700
504 699
503 699
502 698
500 698
498 696
495 696
494 695
491 695
490 694
488 694
487 693
486 693
485 692
483 692
482 691
478 691
477 690
472 690
471 689
466 689
465 688
453 688
452 689
449 689
448 688
440 688
439 687
433 687
432 688
427 688
426 689
414 689
413 690
395 690
394 691
392 691
391 692
389 692
388 693
387 693
385 695
384 695
380 699
377 699
376 700
373 700
372 701
371 701
370 702
369 702
368 703
367 703
365 705
363 705
362 706
360 706
359 707
358 707
357 708
356 708
355 709
353 709
352 710
350 710
349 711
348 711
347 712
345 712
344 713
339 713
338 712
323 712
322 713
320 713
319 714
317 714
314 717
313 717
312 718
312 719
310 721
310 722
309 723
308 723
307 724
306 724
305 725
304 725
303 726
302 726
299 729
298 729
295 732
295 733
292 736
291 736
291 738
290 739
290 740
289 741
289 742
288 743
288 744
287 745
286 745
286 748
285 749
285 751
281 755
280 755
280 756
279 757
279 758
274 763
274 764
273 765
273 766
270 769
269 769
269 770
268 771
268 772
266 774
266 775
265 776
264 776
264 777
263 778
263 779
262 780
262 781
261 782
261 783
260 784
259 784
258 785
258 786
257 787
257 788
256 789
256 790
255 791
255 792
253 794
253 795
252 796
252 797
251 798
251 799
250 800
250 801
249 802
248 802
248 803
247 804
247 805
246 806
246 809
245 810
245 811
244 812
244 813
243 814
242 814
242 816
241 817
241 819
240 820
240 821
239 822
239 824
238 825
237 824
237 825
238 826
236 828
236 831
235 832
235 834
234 835
234 837
233 838
233 839
232 840
231 840
231 844
230 845
230 848
229 849
229 852
228 853
228 856
227 857
226 856
226 860
225 861
225 865
224 866
224 870
223 871
223 874
222 875
222 878
221 879
220 879
220 887
219 888
219 895
218 896
218 906
217 907
217 915
216 916
215 915
215 910
215 923
214 924
214 926
215 927
214 928
215 929
214 930
214 931
209 936
209 937
206 940
206 941
205 942
204 942
204 943
202 945
202 946
201 947
201 948
199 950
198 950
198 951
197 952
197 953
196 954
195 954
194 955
192 955
191 956
190 956
189 957
187 957
186 958
185 958
184 959
183 959
179 963
179 964
177 966
176 966
176 968
174 970
174 972
173 973
173 974
172 975
171 975
171 977
170 978
170 980
169 981
169 983
168 984
168 985
167 986
167 987
166 988
165 988
164 989
164 990
163 991
163 992
161 994
160 994
160 996
158 998
158 999
154 1003
154 1004
153 1005
153 1006
151 1008
151 1009
150 1010
149 1010
149 1011
148 1012
148 1013
144 1017
144 1018
143 1019
143 1020
142 1021
142 1022
141 1023
141 1024
139 1026
138 1026
138 1028
137 1029
137 1031
136 1032
136 1033
135 1034
135 1035
134 1036
133 1036
133 1038
132 1039
132 1040
131 1041
131 1043
130 1044
130 1045
128 1047
127 1047
127 1048
126 1049
126 1050
125 1051
125 1052
124 1053
124 1055
123 1056
122 1056
122 1058
123 1058
124 1059
124 1062
125 1063
125 1065
126 1066
126 1075
125 1076
125 1084
124 1085
124 1091
122 1093
122 1100
121 1101
121 1108
120 1109
120 1115
119 1116
119 1121
118 1122
118 1125
116 1127
116 1132
115 1133
115 1137
114 1138
114 1141
113 1142
113 1144
112 1145
111 1145
111 1148
110 1149
110 1152
109 1153
109 1159
108 1160
108 1165
107 1166
107 1182
108 1183
108 1184
107 1185
107 1186
106 1187
106 1193
105 1194
105 1199
104 1200
104 1204
103 1205
103 1209
102 1210
102 1212
101 1213
100 1213
100 1216
99 1217
99 1220
98 1221
98 1222
97 1223
97 1225
94 1228
94 1230
93 1231
93 1232
92 1233
92 1234
91 1235
90 1235
90 1236
89 1237
89 1240
88 1241
88 1242
87 1243
87 1245
86 1246
86 1247
83 1250
83 1251
82 1252
82 1253
81 1254
81 1255
79 1257
78 1257
78 1258
77 1259
77 1260
72 1265
72 1266
70 1268
70 1269
68 1271
67 1271
67 1274
66 1275
66 1279
67 1280
67 1283
68 1283
69 1284
70 1284
71 1285
70 1286
79 1286
80 1285
81 1285
82 1284
85 1284
86 1283
87 1283
88 1282
90 1282
91 1281
92 1281
94 1279
96 1279
100 1275
101 1275
102 1274
102 1273
107 1268
107 1265
108 1264
108 1263
110 1261
111 1261
113 1259
113 1256
114 1255
115 1256
115 1260
116 1261
116 1265
118 1267
118 1270
119 1271
119 1275
120 1276
120 1280
121 1281
121 1286
122 1287
122 1291
123 1291
124 1292
124 1294
125 1295
125 1296
127 1298
127 1299
128 1299
129 1300
137 1300
138 1299
140 1299
140 1298
141 1297
141 1296
142 1295
142 1293
143 1292
143 1289
145 1287
145 1259
143 1257
143 1222
142 1221
142 1209
143 1208
143 1206
144 1205
143 1204
144 1203
145 1203
147 1205
147 1208
148 1209
148 1212
149 1213
149 1216
150 1216
151 1217
151 1219
152 1220
152 1222
153 1223
153 1225
154 1226
154 1228
155 1228
156 1229
155 1230
156 1230
157 1231
157 1232
158 1233
158 1235
160 1237
160 1239
161 1239
163 1241
163 1242
164 1243
164 1244
165 1245
165 1246
166 1246
169 1249
169 1250
170 1251
170 1252
171 1253
172 1253
174 1255
174 1256
175 1257
175 1258
180 1263
180 1264
182 1266
182 1267
183 1267
184 1268
184 1269
187 1272
187 1273
188 1273
192 1277
192 1278
193 1279
194 1279
195 1280
196 1280
197 1281
197 1282
206 1282
206 1281
207 1280
208 1280
209 1279
210 1279
210 1278
211 1277
211 1274
212 1273
212 1270
211 1269
211 1266
210 1265
210 1263
209 1263
208 1262
208 1261
207 1260
207 1257
205 1255
205 1253
204 1253
203 1252
203 1251
202 1250
202 1249
201 1248
201 1247
200 1246
200 1245
199 1244
199 1242
198 1242
197 1241
197 1240
195 1238
195 1237
194 1236
194 1235
193 1235
192 1234
192 1233
191 1232
191 1231
189 1229
189 1228
188 1227
188 1226
187 1226
186 1225
187 1224
189 1224
190 1225
198 1225
199 1224
201 1224
204 1221
205 1221
205 1220
207 1218
207 1216
208 1215
210 1215
211 1216
211 1217
212 1217
215 1220
217 1220
219 1222
219 1223
221 1223
222 1224
223 1224
224 1225
230 1225
231 1224
233 1224
233 1223
234 1222
234 1220
235 1219
235 1212
234 1211
234 1209
233 1208
233 1207
232 1206
232 1205
231 1205
229 1203
229 1202
227 1200
227 1199
226 1199
222 1195
222 1194
221 1193
220 1193
216 1189
216 1188
211 1183
211 1182
210 1181
209 1181
206 1178
206 1177
205 1176
204 1176
200 1172
200 1170
199 1169
199 1166
200 1165
200 1154
201 1153
201 1142
203 1140
204 1140
204 1139
205 1138
205 1136
206 1135
206 1133
207 1132
207 1130
208 1129
209 1129
209 1128
210 1127
210 1123
211 1122
212 1123
213 1123
214 1122
215 1122
216 1121
227 1121
228 1120
229 1120
229 1118
231 1116
232 1116
232 1115
236 1111
237 1111
240 1108
241 1108
244 1105
245 1105
247 1103
249 1103
250 1102
251 1102
251 1101
252 1100
254 1100
255 1099
256 1099
257 1098
259 1098
260 1097
262 1097
263 1096
267 1096
268 1097
270 1097
271 1098
272 1098
275 1101
275 1103
276 1103
278 1105
278 1106
279 1107
279 1108
284 1113
284 1114
285 1115
285 1117
284 1118
282 1116
280 1116
279 1115
278 1115
277 1114
277 1113
274 1113
270 1109
270 1107
268 1107
268 1109
267 1110
266 1110
265 1109
264 1109
263 1108
263 1106
262 1106
261 1107
261 1110
262 1111
262 1115
263 1116
263 1117
264 1118
264 1120
265 1120
267 1122
267 1123
268 1124
268 1125
270 1125
272 1127
273 1127
274 1128
274 1129
276 1129
277 1130
276 1131
273 1131
273 1133
274 1134
274 1136
275 1137
276 1137
279 1140
279 1141
281 1141
282 1142
284 1142
286 1144
286 1145
287 1145
288 1146
288 1147
289 1148
289 1150
288 1151
288 1152
287 1153
286 1153
285 1154
285 1155
284 1156
284 1157
283 1158
283 1159
282 1160
282 1162
281 1163
280 1163
280 1164
279 1165
278 1165
277 1166
277 1167
276 1168
274 1168
270 1172
269 1172
269 1173
265 1177
264 1177
264 1178
261 1181
261 1182
257 1186
257 1187
256 1188
256 1189
254 1191
253 1191
253 1192
252 1193
252 1195
251 1196
251 1197
250 1198
250 1199
249 1200
249 1202
248 1203
247 1203
247 1206
246 1207
246 1209
245 1210
245 1213
244 1214
244 1217
243 1218
242 1218
242 1220
243 1220
244 1221
244 1222
248 1222
251 1225
252 1225
253 1226
254 1226
255 1227
256 1227
257 1228
260 1228
261 1229
262 1229
263 1230
265 1230
267 1232
268 1232
269 1233
269 1234
271 1234
275 1238
276 1237
277 1238
277 1239
280 1242
281 1242
286 1247
287 1247
289 1249
289 1250
290 1251
291 1251
292 1252
293 1252
296 1255
296 1256
297 1256
298 1257
299 1257
300 1258
300 1259
301 1259
302 1260
302 1261
303 1261
305 1263
305 1264
306 1265
307 1264
308 1264
309 1265
309 1266
310 1267
311 1267
313 1269
315 1269
317 1271
317 1272
319 1272
320 1273
321 1273
322 1274
323 1274
324 1275
326 1275
327 1276
327 1277
330 1277
331 1278
333 1278
334 1279
338 1279
339 1280
345 1280
347 1282
349 1282
350 1283
352 1283
353 1284
355 1284
356 1285
358 1285
360 1287
361 1286
362 1287
362 1288
365 1288
366 1289
369 1289
370 1290
374 1290
375 1291
379 1291
380 1292
380 1293
383 1293
384 1294
388 1294
389 1295
391 1295
392 1296
395 1296
396 1297
398 1297
400 1299
403 1299
404 1300
407 1300
408 1301
412 1301
413 1302
418 1302
420 1304
421 1304
422 1305
421 1306
419 1306
419 1307
418 1308
417 1308
417 1309
416 1310
416 1311
414 1313
413 1312
414 1313
412 1315
411 1315
410 1316
410 1317
407 1320
406 1320
406 1321
405 1322
405 1323
404 1324
404 1325
402 1327
402 1329
401 1330
401 1333
400 1334
400 1335
398 1337
398 1339
397 1340
396 1339
396 1341
395 1342
395 1345
394 1346
394 1347
395 1348
395 1352
396 1353
396 1355
395 1356
395 1357
394 1358
394 1360
393 1361
393 1364
392 1365
391 1365
391 1369
390 1370
390 1373
392 1373
393 1374
393 1375
394 1376
396 1376
397 1377
398 1377
399 1378
401 1378
402 1379
411 1379
412 1380
424 1380
425 1379
431 1379
432 1380
430 1382
428 1382
427 1383
426 1383
425 1384
424 1384
423 1385
421 1385
420 1386
419 1386
419 1387
418 1388
416 1388
415 1389
414 1389
413 1390
411 1390
410 1391
409 1391
409 1392
408 1393
407 1392
405 1394
404 1394
403 1395
402 1395
401 1396
399 1396
398 1397
397 1397
397 1398
396 1399
394 1399
393 1400
392 1400
391 1401
389 1401
388 1402
387 1402
385 1404
383 1404
382 1405
381 1405
380 1406
379 1406
378 1407
377 1407
376 1408
375 1408
373 1410
372 1410
371 1411
370 1411
369 1412
367 1412
366 1413
365 1413
365 1414
364 1415
363 1414
361 1416
360 1416
359 1417
357 1417
356 1418
355 1418
355 1419
354 1420
353 1419
353 1420
352 1421
350 1421
349 1422
348 1422
347 1423
345 1423
344 1424
343 1424
342 1425
341 1425
339 1427
338 1427
337 1428
335 1428
334 1429
333 1429
333 1430
332 1431
331 1430
331 1431
330 1432
328 1432
327 1433
326 1433
325 1434
324 1434
323 1435
321 1435
319 1437
318 1437
316 1439
315 1439
314 1440
312 1440
312 1441
311 1442
310 1441
310 1442
309 1443
307 1443
305 1445
304 1445
303 1446
301 1446
301 1447
300 1448
299 1448
298 1449
296 1449
294 1451
293 1451
293 1452
292 1453
290 1453
288 1455
287 1455
286 1456
285 1456
285 1457
284 1458
283 1458
281 1460
280 1460
278 1462
277 1462
277 1463
276 1464
275 1464
270 1469
269 1469
268 1470
268 1471
265 1474
264 1474
264 1475
262 1477
262 1478
259 1481
258 1481
258 1482
257 1483
257 1484
255 1486
255 1487
254 1488
253 1488
253 1489
251 1491
251 1492
248 1495
247 1495
247 1496
244 1499
242 1499
241 1500
238 1500
237 1501
233 1501
231 1503
225 1503
224 1504
222 1504
221 1505
217 1505
216 1506
213 1506
213 1507
212 1508
211 1507
210 1508
209 1508
208 1509
207 1509
205 1511
203 1511
203 1512
199 1516
198 1516
198 1517
197 1518
197 1519
195 1521
195 1523
194 1524
193 1524
192 1525
192 1526
191 1527
191 1528
188 1531
187 1531
186 1532
186 1533
185 1534
184 1534
183 1535
181 1535
180 1536
178 1536
177 1537
174 1537
173 1538
170 1538
169 1539
168 1539
168 1540
166 1542
164 1542
163 1543
163 1544
159 1548
159 1550
158 1551
158 1554
157 1555
157 1560
156 1561
156 1562
155 1563
156 1564
154 1566
154 1568
153 1569
153 1571
152 1572
151 1572
151 1573
150 1574
149 1574
144 1579
143 1579
141 1581
141 1582
139 1584
138 1584
136 1586
135 1586
128 1593
127 1593
123 1597
122 1597
117 1602
116 1602
112 1606
110 1606
107 1609
106 1609
104 1611
103 1611
101 1613
100 1613
99 1614
98 1614
95 1617
94 1617
92 1619
91 1619
87 1623
86 1623
77 1632
77 1633
75 1635
75 1636
72 1639
72 1640
71 1641
71 1643
70 1644
70 1646
69 1647
69 1649
68 1650
67 1650
67 1657
66 1658
66 1687
67 1688
67 1696
69 1698
69 1702
70 1703
70 1708
71 1709
71 1714
72 1715
72 1720
73 1721
73 1724
74 1725
74 1726
75 1727
75 1730
76 1731
76 1734
77 1735
77 1738
78 1739
78 1742
80 1744
80 1746
81 1747
81 1749
82 1750
82 1752
83 1753
83 1755
84 1756
84 1757
85 1758
85 1759
86 1760
86 1762
87 1763
87 1765
88 1766
88 1768
89 1769
89 1772
90 1772
91 1773
91 1775
92 1776
92 1778
93 1779
93 1781
94 1782
94 1784
96 1786
96 1787
97 1788
97 1789
98 1790
98 1791
99 1792
99 1793
100 1794
100 1795
101 1795
105 1799
106 1799
107 1800
108 1800
109 1801
111 1801
112 1802
114 1802
115 1803
119 1803
120 1804
125 1804
126 1805
133 1805
134 1806
138 1806
139 1807
143 1807
144 1808
149 1808
150 1809
155 1809
156 1810
161 1810
162 1811
165 1811
166 1812
169 1812
170 1813
175 1813
176 1814
182 1814
183 1815
190 1815
191 1816
193 1816
194 1817
195 1816
200 1816
201 1817
205 1817
206 1818
210 1818
211 1817
217 1817
218 1816
223 1816
224 1815
228 1815
229 1814
232 1814
233 1813
235 1813
236 1812
238 1812
239 1811
240 1811
241 1810
243 1810
244 1809
246 1809
247 1808
248 1808
249 1807
250 1807
251 1806
253 1806
254 1805
255 1805
256 1804
258 1804
259 1803
262 1803
263 1804
267 1804
268 1805
270 1805
271 1806
277 1806
278 1807
290 1807
291 1806
295 1806
296 1805
303 1805
304 1804
307 1804
309 1802
310 1802
311 1801
311 1800
314 1797
314 1796
315 1795
315 1793
316 1792
316 1790
317 1789
317 1788
318 1787
319 1787
319 1786
320 1785
320 1784
323 1781
324 1781
325 1780
327 1780
328 1779
331 1779
332 1778
334 1778
335 1777
338 1777
339 1776
342 1776
343 1775
344 1775
345 1774
347 1774
348 1773
349 1773
350 1772
355 1772
356 1773
356 1775
355 1776
355 1788
354 1789
354 1811
355 1812
355 1830
356 1831
356 1845
357 1846
357 1856
358 1857
358 1858
359 1859
359 1867
360 1868
360 1878
361 1879
361 1889
362 1890
362 1900
363 1901
363 1902
364 1903
364 1910
365 1911
365 1920
366 1921
366 1930
367 1931
367 1940
368 1941
368 1945
369 1946
369 1952
370 1953
370 1961
371 1962
371 1971
372 1972
372 1981
373 1982
373 1993
375 1995
375 2003
376 2004
376 2012
377 2013
377 2022
378 2023
378 2034
379 2035
379 2037
380 2038
380 2044
381 2045
381 2054
382 2055
382 2066
383 2067
383 2079
384 2080
384 2093
385 2093
386 2094
386 2104
387 2105
387 2115
388 2116
388 2130
389 2131
389 2143
390 2144
390 2148
391 2149
391 2156
392 2157
392 2169
393 2170
393 2182
394 2183
394 2195
395 2196
395 2209
396 2209
397 2210
397 2221
398 2222
398 2233
399 2234
399 2246
400 2247
400 2261
401 2262
401 2265
402 2266
402 2274
403 2275
403 2285
404 2286
404 2299
405 2300
405 2312
406 2313
406 2324
408 2326
408 2336
409 2337
409 2350
410 2351
410 2364
411 2365
411 2379
412 2380
412 2381
413 2382
413 2391
414 2392
414 2399
745 2399
745 2396
743 2394
743 2385
742 2384
742 2367
741 2366
741 2353
740 2352
740 2337
739 2336
739 2335
738 2334
738 2325
737 2324
737 2314
736 2313
736 2290
737 2289
737 2286
738 2285
738 2284
739 2283
740 2283
740 2282
741 2281
741 2280
743 2278
743 2277
744 2276
745 2276
745 2275
746 2274
746 2272
747 2271
747 2270
748 2269
748 2267
749 2266
749 2265
751 2263
751 2259
752 2258
752 2253
753 2252
753 2246
754 2245
755 2246
755 2249
759 2253
759 2254
761 2256
763 2256
766 2259
768 2259
769 2260
770 2260
771 2261
772 2261
773 2262
774 2262
775 2263
779 2263
780 2264
802 2264
803 2263
807 2263
808 2262
810 2262
811 2261
812 2261
813 2260
814 2260
815 2259
817 2259
820 2256
822 2256
825 2253
825 2252
826 2251
827 2251
829 2249
829 2248
830 2247
830 2246
833 2243
833 2242
834 2241
834 2240
835 2239
835 2237
836 2236
836 2235
837 2234
838 2234
838 2232
839 2231
839 2228
840 2227
840 2224
841 2223
841 2221
842 2220
842 2218
844 2216
844 2213
845 2212
845 2208
846 2207
846 2205
847 2204
847 2202
849 2200
849 2197
850 2196
850 2193
851 2192
851 2190
852 2189
852 2187
853 2186
853 2185
855 2183
855 2180
856 2179
856 2177
857 2176
857 2174
858 2173
858 2172
859 2171
860 2171
860 2168
861 2167
861 2165
862 2164
862 2163
863 2162
863 2160
865 2158
865 2157
866 2156
866 2154
867 2153
867 2152
868 2151
868 2149
869 2148
869 2147
871 2145
871 2144
872 2143
872 2141
873 2140
873 2139
874 2138
874 2137
876 2135
876 2134
877 2133
877 2131
878 2130
878 2129
879 2128
879 2126
880 2125
880 2124
881 2123
882 2123
882 2121
883 2120
883 2118
884 2117
884 2115
885 2114
885 2113
886 2112
887 2112
887 2110
888 2109
888 2107
889 2106
889 2104
890 2103
890 2102
891 2101
891 2100
892 2099
893 2099
893 2097
894 2096
894 2094
895 2093
895 2091
896 2090
896 2089
898 2087
898 2085
899 2084
899 2082
900 2081
900 2079
901 2078
901 2076
904 2073
904 2071
905 2070
905 2067
906 2066
906 2063
907 2062
907 2060
908 2059
909 2059
909 2055
910 2054
910 2050
911 2049
911 2046
912 2045
912 2041
913 2040
913 2038
915 2036
915 2032
916 2031
916 2028
917 2027
917 2026
918 2025
918 2023
919 2022
920 2022
920 2020
921 2019
921 2018
922 2017
922 2016
923 2015
923 2014
927 2010
928 2010
929 2009
930 2009
932 2007
933 2007
934 2006
935 2006
936 2005
938 2005
939 2004
941 2004
942 2003
943 2003
944 2002
946 2004
947 2004
952 2009
952 2013
951 2014
951 2028
950 2029
950 2044
949 2045
949 2057
948 2058
948 2061
947 2062
947 2070
946 2071
946 2079
945 2080
945 2086
944 2087
944 2091
943 2092
943 2095
941 2097
941 2101
940 2102
940 2105
939 2106
939 2107
938 2108
938 2109
936 2111
935 2111
935 2112
934 2113
934 2114
931 2117
930 2117
930 2118
927 2121
927 2122
922 2127
922 2128
918 2132
918 2133
917 2134
917 2135
915 2137
914 2137
914 2138
913 2139
913 2140
911 2142
911 2143
908 2146
908 2147
907 2148
907 2149
906 2150
906 2151
903 2154
903 2155
902 2156
902 2157
901 2158
901 2160
900 2161
900 2162
899 2163
899 2164
897 2166
897 2170
896 2171
896 2177
895 2178
895 2182
896 2183
896 2188
897 2189
897 2191
898 2191
899 2192
899 2193
900 2194
901 2194
902 2195
903 2195
904 2196
917 2196
918 2197
918 2210
917 2211
917 2213
918 2214
918 2223
919 2224
919 2228
920 2228
921 2229
921 2230
922 2231
922 2232
923 2233
923 2234
925 2236
925 2237
926 2237
930 2241
931 2241
932 2242
933 2242
935 2244
938 2244
939 2245
951 2245
952 2244
954 2244
955 2243
956 2243
957 2242
959 2242
962 2239
964 2239
965 2238
965 2237
968 2234
969 2234
969 2233
970 2232
970 2231
971 2230
971 2229
972 2228
972 2227
973 2226
973 2225
974 2224
975 2224
975 2222
976 2221
976 2219
977 2218
977 2216
978 2215
978 2213
979 2212
980 2212
980 2209
981 2208
981 2206
982 2205
982 2202
983 2201
983 2199
984 2198
984 2196
986 2194
986 2191
987 2190
987 2187
988 2186
988 2182
989 2181
989 2179
990 2178
991 2178
991 2173
992 2172
992 2167
993 2166
993 2162
994 2161
994 2157
995 2156
995 2153
997 2151
997 2147
998 2146
998 2144
1001 2141
1002 2141
1007 2136
1008 2136
1027 2117
1027 2116
1028 2115
1029 2115
1030 2114
1030 2113
1032 2111
1032 2110
1034 2108
1035 2108
1037 2106
1037 2105
1039 2103
1040 2103
1041 2102
1041 2101
1042 2100
1042 2099
1045 2096
1046 2096
1047 2095
1047 2094
1052 2089
1052 2088
1056 2084
1057 2084
1057 2083
1059 2081
1059 2080
1061 2078
1062 2078
1062 2077
1068 2071
1068 2070
1069 2069
1069 2066
1071 2064
1071 2048
1070 2047
1070 2040
1069 2039
1069 2033
1068 2032
1068 2028
1067 2027
1067 2026
1066 2025
1066 2023
1065 2022
1065 2018
1064 2017
1064 2014
1063 2013
1063 2010
1062 2009
1062 2006
1060 2004
1060 2002
1059 2001
1059 1999
1058 1998
1058 1995
1057 1994
1057 1991
1055 1989
1055 1987
1054 1986
1054 1984
1053 1983
1053 1980
1052 1979
1052 1975
1051 1974
1051 1968
1050 1969
1049 1968
1049 1965
1048 1964
1048 1958
1047 1957
1047 1949
1046 1948
1046 1939
1047 1938
1047 1921
1046 1920
1046 1910
1047 1909
1047 1901
1048 1900
1048 1894
1049 1893
1049 1888
1050 1887
1051 1888
1051 1890
1051 1880
1052 1879
1052 1872
1053 1871
1053 1864
1054 1863
1054 1856
1055 1855
1056 1855
1056 1854
1057 1853
1057 1849
1056 1848
1056 1846
1057 1845
1057 1836
1058 1835
1058 1828
1059 1827
1059 1823
1060 1822
1060 1820
1061 1819
1062 1819
1062 1817
1063 1816
1063 1813
1064 1812
1064 1809
1065 1808
1065 1804
1066 1803
1066 1800
1067 1799
1067 1798
1068 1797
1068 1789
1069 1788
1069 1785
1070 1784
1070 1783
1071 1782
1071 1781
1073 1779
1073 1778
1074 1777
1074 1776
1075 1775
1075 1774
1076 1773
1076 1772
1077 1771
1077 1770
1079 1768
1079 895
1078 894
1077 894
1076 893
1075 893
1073 891
1071 891
1066 886
1065 886
1061 882
1060 882
1058 880
1057 880
1056 879
1055 879
1052 876
1051 876
1050 875
1049 875
1046 872
1045 872
1044 871
1043 871
1041 869
1039 869
1038 868
1037 868
1035 866
1034 866
1033 865
1032 865
1031 864
1030 864
1029 863
1028 863
1026 861
1025 861
1024 860
1023 860
1022 859
1021 859
1020 858
1018 858
1017 857
1016 857
1015 856
1013 856
1012 855
1010 855
1009 854
1007 854
1006 853
1004 853
1003 852
996 852
995 851
993 851
992 850
992 849
990 849
989 848
987 848
986 847
977 847
975 845
974 845
973 844
968 844
967 843
951 843
950 844
947 844
946 845
940 845
938 847
934 847
933 846
931 846
930 847
924 847
923 848
921 848
920 849
919 849
918 848
917 848
916 847
915 847
914 846
913 846
912 845
911 845
910 844
907 844
906 843
897 843
896 842
888 842
887 841
885 841
884 842
882 842
881 841
878 841
877 840
877 824
876 823
876 814
875 815
874 814
874 811
873 810
873 806
872 805
872 800
871 799
871 797
870 797
869 796
869 794
868 793
868 792
867 791
867 790
866 789
866 787
865 787
864 786
864 785
862 783
862 782
861 781
861 780
858 777
858 776
851 769
851 768
831 748
830 748
822 740
821 740
816 735
815 735
811 731
810 731
809 730
808 730
805 727
804 727
802 725
801 725
799 723
798 723
797 722
796 722
795 721
794 721
792 719
791 719
789 717
787 717
786 716
784 716
783 715
782 715
781 714
780 714
778 712
777 712
775 710
774 710
773 709
772 709
771 708
770 708
768 706
767 706
766 705
765 705
764 704
763 704
762 703
760 703
758 701
755 701
754 700
750 700
749 699
739 699
738 700
735 700
734 701
730 701
729 702
725 702
724 703
722 703
721 704
720 703
719 703
717 701
716 701
714 699
713 699
712 698
711 698
710 697
709 697
707 695
706 695
705 694
704 694
702 692
700 692
697 689
695 689
694 688
693 688
692 687
691 687
690 686
688 686
686 684
683 684
682 683
681 683
680 682
677 682
676 681
674 681
673 680
671 680
670 679
665 679
664 678
663 678
662 677

