906 613
905 614
903 614
902 615
901 615
897 619
897 621
896 622
896 628
895 629
895 635
894 636
891 636
890 635
877 635
876 636
874 636
872 638
872 639
871 640
871 642
870 643
870 644
869 645
869 647
868 648
868 653
867 654
856 654
855 655
854 655
849 660
848 660
846 662
845 662
841 666
841 667
839 669
839 670
838 671
838 672
837 673
837 675
836 676
836 680
835 681
836 682
836 684
837 685
838 685
839 686
841 686
842 687
848 687
849 686
850 686
851 685
852 685
853 684
855 684
856 683
864 683
865 684
865 690
869 694
871 694
872 695
875 695
876 694
877 694
878 693
879 693
882 690
894 702
894 703
889 708
889 709
888 710
888 711
887 712
887 715
886 716
886 719
887 720
887 722
888 723
888 725
889 726
889 727
890 728
890 729
891 730
891 731
892 732
892 733
894 735
894 736
895 737
895 738
896 739
896 741
897 742
897 743
898 744
898 745
900 747
900 748
901 749
902 749
904 751
905 751
906 752
909 752
910 753
926 753
927 754
958 754
959 753
961 753
962 752
969 752
970 753
973 753
974 754
976 754
977 755
979 755
980 756
983 756
984 757
986 757
987 758
989 758
990 759
993 759
994 760
996 760
997 761
998 761
999 762
1000 762
1001 763
1002 763
1003 764
1004 764
1005 765
1006 765
1008 767
1009 767
1011 769
1012 769
1014 771
1015 771
1018 774
1019 774
1024 779
1025 779
1037 791
1037 792
1040 795
1040 796
1041 797
1041 798
1042 799
1041 800
1034 800
1033 801
1030 801
1029 802
1027 802
1026 803
1025 803
1024 804
1023 804
1022 805
1020 805
1019 806
1018 806
1017 807
1013 807
1012 806
1002 806
1001 807
999 807
998 808
997 808
996 809
994 809
993 810
986 810
985 809
976 809
975 810
974 810
972 812
971 812
969 814
968 814
967 815
967 816
966 817
966 818
965 819
965 820
963 822
962 821
961 821
960 820
957 820
956 819
951 819
950 818
928 818
927 819
919 819
918 820
917 820
916 819
910 819
909 818
902 818
901 817
887 817
886 818
877 818
876 819
874 819
868 825
868 826
867 827
867 829
866 830
864 830
863 829
861 829
860 828
857 828
856 827
836 827
835 826
831 826
830 825
819 825
817 827
815 827
814 828
800 828
796 824
784 824
782 826
781 825
781 824
780 823
781 822
781 821
780 820
780 818
779 819
778 819
777 818
778 817
778 814
779 813
779 812
778 811
778 808
779 807
780 807
778 807
777 808
776 807
776 806
777 805
782 805
783 804
789 804
790 803
794 803
795 802
798 802
799 801
802 801
803 800
804 800
805 799
806 799
807 798
808 798
811 795
811 793
812 792
812 791
811 790
811 789
809 787
809 786
808 785
807 785
805 783
804 783
802 781
801 781
800 780
799 780
798 779
797 779
796 778
795 778
794 777
793 777
792 776
791 776
790 775
789 775
788 774
787 774
786 773
785 773
784 772
782 772
781 771
779 771
778 770
776 770
775 769
773 769
772 768
770 768
769 767
767 767
766 766
765 766
764 765
763 765
760 762
760 761
759 760
759 759
758 758
758 756
757 755
757 754
756 753
756 750
755 749
755 745
754 744
754 737
753 736
753 727
752 726
752 720
751 719
751 714
750 713
750 710
749 709
749 706
748 705
748 703
747 702
747 700
746 699
746 698
745 697
745 696
744 695
744 694
743 693
743 692
740 689
740 688
735 683
735 682
734 682
732 680
732 679
731 679
725 673
724 673
721 670
720 670
719 669
718 669
716 667
715 667
714 666
713 666
712 665
711 665
710 664
709 664
708 663
707 663
706 662
705 662
704 661
702 661
701 660
699 660
698 659
695 659
694 658
690 658
689 657
684 657
683 656
667 656
666 655
666 654
664 652
663 652
662 651
655 651
654 652
653 652
651 654
651 656
650 657
640 657
639 658
634 658
633 659
630 659
629 660
627 660
626 661
625 661
624 662
623 662
622 663
621 663
619 665
618 665
614 669
613 669
605 677
604 677
602 679
602 680
596 686
596 687
594 689
594 690
592 692
592 693
590 695
590 696
589 697
589 698
588 699
588 700
587 701
587 702
586 703
586 704
585 705
585 706
584 707
584 709
583 710
583 711
582 712
582 714
581 715
581 716
580 717
580 719
579 720
579 722
578 723
578 725
577 726
577 729
576 730
576 734
575 735
575 743
576 744
576 748
577 749
577 752
578 753
578 756
579 757
579 766
578 767
578 769
577 770
577 774
576 775
576 777
577 778
577 781
579 783
579 784
587 792
589 792
591 794
590 795
590 796
591 797
591 801
590 802
590 807
591 808
591 810
595 814
596 814
597 815
598 815
601 818
602 818
603 819
601 821
600 821
599 822
598 822
597 823
597 824
599 824
600 823
603 823
604 822
605 822
606 821
607 821
608 822
608 831
609 832
609 836
610 837
610 839
611 840
611 842
612 843
612 844
613 845
613 846
615 848
614 849
612 849
611 848
608 848
607 847
605 847
604 846
602 846
601 845
599 845
598 844
596 844
595 843
593 843
592 842
589 842
588 841
583 841
582 840
569 840
568 841
559 841
558 842
553 842
552 843
550 843
549 844
548 844
547 845
546 845
545 846
544 846
543 847
542 847
541 848
540 848
539 849
538 849
537 850
536 850
534 852
533 852
532 853
531 853
530 854
527 854
526 853
505 853
504 854
498 854
497 855
491 855
490 856
485 856
484 857
480 857
479 858
453 858
452 857
448 857
447 856
446 856
445 855
443 855
442 854
441 854
440 853
439 853
437 851
436 851
435 850
434 850
433 849
432 849
430 847
429 847
428 846
427 846
426 845
425 845
423 843
422 843
421 842
420 842
419 841
418 841
417 840
416 840
414 838
413 838
412 837
411 837
410 836
409 836
408 835
407 835
406 834
405 834
404 833
402 833
401 832
400 832
399 831
398 831
397 830
396 830
395 829
393 829
392 828
391 828
390 827
388 827
387 826
386 826
385 825
383 825
382 824
380 824
379 823
377 823
376 822
374 822
373 821
371 821
370 820
368 820
367 819
364 819
363 818
361 818
360 817
357 817
356 816
353 816
352 815
349 815
348 814
346 814
345 813
341 813
340 812
338 812
337 811
334 811
333 810
331 810
330 809
327 809
326 808
323 808
322 807
320 807
319 806
317 806
316 805
313 805
312 804
310 804
309 803
307 803
306 802
304 802
303 801
301 801
300 800
298 800
297 799
295 799
294 798
293 798
292 797
290 797
289 796
288 796
287 795
285 795
284 794
283 794
282 793
280 793
279 792
278 792
277 791
275 791
274 790
272 790
271 789
269 789
268 788
266 788
265 787
263 787
262 786
260 786
259 785
256 785
255 784
254 784
253 783
251 783
250 782
248 782
247 781
246 781
245 780
243 780
241 778
240 778
239 777
237 777
236 776
235 776
234 775
224 775
223 776
222 776
221 775
219 775
218 774
216 774
215 773
206 773
205 772
203 772
202 773
199 773
195 777
195 778
192 781
192 782
191 783
191 784
189 786
189 787
186 790
186 791
182 795
182 796
179 799
179 800
177 802
177 803
176 804
176 805
175 806
175 807
174 808
174 815
173 816
173 824
172 825
172 854
173 855
173 857
174 858
174 865
177 868
179 868
180 869
182 869
183 868
185 868
186 867
186 866
187 865
187 864
188 863
188 860
189 859
189 849
192 846
192 845
194 843
194 842
195 841
195 840
197 838
200 838
201 837
203 837
204 836
206 836
208 834
209 834
213 830
214 830
219 825
220 825
223 822
228 822
229 823
230 823
231 824
232 824
234 826
234 829
233 830
220 830
219 831
217 831
215 833
214 833
212 835
211 835
206 840
206 841
205 842
205 844
204 845
204 847
205 848
205 851
207 853
208 853
209 854
211 854
212 855
223 855
224 854
231 854
232 853
252 853
253 854
254 854
255 853
261 853
262 852
264 852
265 851
266 851
267 850
268 850
271 847
272 847
278 841
281 844
282 844
286 848
287 848
291 852
292 852
297 857
298 857
303 862
304 862
312 870
313 870
319 876
320 876
322 878
323 878
326 881
327 881
329 883
330 883
333 886
334 886
336 888
337 888
338 889
339 889
341 891
342 891
344 893
345 893
346 894
347 894
349 896
350 896
351 897
352 897
353 898
354 898
355 899
356 899
358 901
359 901
360 902
361 902
362 903
364 903
365 904
366 904
367 905
369 905
370 906
372 906
373 907
376 907
377 908
379 908
380 909
383 909
384 910
386 910
387 911
390 911
391 912
395 912
396 913
399 913
400 914
403 914
404 915
408 915
409 916
412 916
413 917
417 917
418 918
420 918
421 919
424 919
425 920
428 920
429 921
432 921
433 922
435 922
436 923
438 923
439 924
442 924
443 925
445 925
446 926
449 926
450 927
452 927
453 928
455 928
456 929
459 929
460 930
462 930
463 931
466 931
467 932
468 932
469 933
470 933
475 938
476 938
478 940
479 940
480 941
481 941
482 942
484 942
485 943
487 943
488 944
490 944
491 945
492 945
493 946
494 946
495 947
496 947
497 948
498 948
502 952
503 952
504 953
505 953
506 954
508 954
509 955
512 955
513 956
523 956
524 957
526 957
527 958
529 958
530 959
531 959
532 960
533 960
534 961
535 961
536 962
537 962
538 963
539 963
540 964
541 964
542 965
543 965
544 966
545 966
546 967
547 967
548 968
549 968
550 969
551 969
552 970
553 970
554 971
555 971
556 972
557 972
558 973
559 973
560 974
562 974
563 975
564 975
565 976
566 976
567 977
568 977
569 978
571 978
572 979
573 979
574 980
575 980
576 981
578 981
579 982
580 982
581 983
583 983
584 984
587 984
588 985
589 985
590 986
591 986
593 988
594 988
604 998
604 999
608 1003
608 1004
611 1007
611 1008
615 1012
615 1013
620 1018
620 1019
625 1024
625 1025
629 1029
629 1030
633 1034
633 1035
636 1038
636 1039
639 1042
639 1043
642 1046
642 1047
644 1049
644 1050
646 1052
646 1053
649 1056
649 1057
652 1060
652 1061
655 1064
655 1065
658 1068
658 1069
661 1072
661 1073
664 1076
664 1077
667 1080
667 1081
670 1084
670 1085
673 1088
673 1089
676 1092
676 1093
679 1096
679 1097
680 1098
680 1099
681 1100
681 1102
682 1103
682 1105
683 1106
683 1108
684 1109
684 1111
685 1112
685 1114
686 1115
686 1117
687 1118
687 1120
688 1121
688 1124
689 1125
689 1127
690 1128
690 1131
691 1132
691 1134
692 1135
692 1143
691 1144
691 1145
690 1146
690 1147
689 1148
689 1149
687 1151
686 1151
685 1152
680 1152
678 1154
678 1156
677 1157
677 1159
676 1160
674 1160
673 1159
672 1159
671 1158
670 1158
669 1157
667 1157
666 1156
664 1156
663 1155
661 1155
660 1154
658 1154
657 1153
652 1153
651 1152
640 1152
639 1153
623 1153
622 1154
613 1154
612 1155
605 1155
604 1156
602 1156
600 1158
600 1159
599 1160
599 1161
598 1162
598 1164
597 1165
597 1170
598 1171
598 1174
599 1175
599 1176
600 1177
600 1178
601 1179
601 1180
602 1181
602 1182
603 1183
603 1184
604 1185
603 1186
602 1186
601 1187
600 1187
599 1188
598 1188
597 1189
596 1189
595 1190
594 1190
593 1191
592 1191
591 1192
590 1192
589 1193
588 1193
587 1194
586 1194
585 1195
584 1195
583 1196
582 1196
581 1197
580 1197
579 1198
578 1198
577 1199
576 1199
575 1200
574 1200
573 1201
572 1201
571 1202
570 1202
569 1203
568 1203
567 1204
566 1204
565 1205
564 1205
563 1206
562 1206
561 1207
560 1207
559 1208
558 1208
557 1209
556 1209
555 1210
554 1210
553 1211
552 1211
551 1212
550 1212
549 1213
548 1213
547 1214
546 1214
545 1215
544 1215
543 1216
542 1216
541 1217
540 1217
538 1219
537 1219
536 1220
535 1220
534 1221
533 1221
532 1222
531 1222
530 1223
529 1223
528 1224
527 1224
526 1225
525 1225
524 1226
523 1226
522 1227
521 1227
520 1228
519 1228
518 1229
517 1229
515 1231
514 1231
513 1232
512 1232
510 1234
509 1234
508 1235
507 1235
506 1236
505 1236
504 1237
502 1237
501 1238
498 1238
497 1239
494 1239
493 1240
491 1240
490 1241
489 1241
486 1244
486 1245
485 1246
485 1248
484 1249
484 1251
483 1252
483 1254
482 1255
482 1257
481 1258
481 1260
480 1261
480 1262
479 1263
479 1264
477 1266
477 1267
476 1268
476 1269
475 1270
475 1271
474 1272
474 1273
472 1275
472 1276
471 1277
471 1278
470 1279
470 1280
469 1281
469 1282
467 1284
467 1285
466 1286
466 1287
465 1288
465 1289
464 1290
464 1291
463 1292
463 1293
462 1294
462 1295
460 1297
460 1298
459 1299
459 1300
458 1301
458 1302
457 1303
457 1304
456 1305
456 1306
455 1307
455 1308
454 1309
454 1310
453 1311
453 1312
452 1313
452 1314
451 1315
451 1316
449 1318
449 1320
447 1322
447 1323
446 1324
446 1326
445 1327
445 1328
444 1329
444 1330
443 1331
443 1332
442 1333
442 1334
441 1335
441 1336
440 1337
440 1338
439 1339
439 1341
438 1342
438 1343
437 1344
437 1345
436 1346
436 1348
435 1349
435 1350
434 1351
434 1352
433 1353
433 1355
432 1356
432 1357
431 1358
431 1360
430 1361
430 1362
429 1363
429 1364
428 1365
427 1365
425 1367
425 1368
424 1369
424 1370
423 1371
423 1372
422 1373
422 1376
421 1377
421 1380
420 1381
420 1385
419 1386
419 1390
418 1391
418 1395
417 1396
417 1400
416 1401
416 1404
415 1405
415 1409
414 1410
414 1415
413 1416
413 1420
412 1421
412 1426
411 1427
411 1433
410 1434
410 1441
409 1442
409 1449
408 1450
408 1459
407 1460
407 1470
406 1471
406 1480
405 1481
405 1491
404 1492
404 1502
403 1503
403 1513
402 1514
402 1524
401 1525
401 1534
400 1535
400 1544
399 1545
399 1551
398 1552
398 1556
397 1557
397 1560
396 1561
396 1564
395 1565
395 1567
394 1568
394 1569
393 1570
393 1573
392 1574
392 1576
391 1577
391 1585
390 1586
390 1589
388 1591
387 1591
386 1592
384 1592
382 1594
381 1594
380 1595
380 1596
379 1597
379 1598
377 1600
374 1600
372 1602
372 1603
369 1606
369 1610
367 1612
366 1612
364 1614
363 1614
361 1616
360 1616
358 1618
357 1618
350 1625
349 1625
345 1629
344 1629
340 1633
339 1633
339 1636
340 1637
340 1638
341 1639
343 1639
345 1637
346 1637
348 1635
349 1635
352 1632
353 1632
355 1630
356 1630
361 1625
362 1626
362 1627
361 1628
361 1630
360 1631
360 1633
359 1634
359 1636
358 1637
358 1639
357 1640
357 1642
356 1643
356 1646
355 1647
355 1649
354 1650
354 1651
353 1652
353 1654
352 1655
352 1656
351 1657
351 1658
349 1660
349 1661
348 1662
348 1663
346 1665
345 1665
344 1664
342 1664
341 1663
340 1663
339 1662
338 1662
337 1661
336 1661
335 1660
334 1660
333 1659
332 1659
331 1658
330 1658
329 1657
328 1657
327 1656
326 1656
325 1655
324 1655
322 1653
321 1653
320 1652
319 1652
317 1650
316 1650
314 1648
313 1648
310 1645
309 1645
304 1640
303 1640
296 1633
295 1633
293 1631
293 1630
291 1628
291 1627
287 1623
286 1623
285 1622
284 1622
283 1621
279 1621
278 1620
274 1620
273 1619
272 1619
269 1622
268 1622
267 1623
266 1622
264 1622
262 1624
262 1626
260 1628
260 1629
259 1630
259 1631
257 1633
257 1635
256 1636
256 1638
255 1639
255 1641
254 1642
254 1646
253 1647
253 1700
254 1701
254 1704
256 1706
257 1705
258 1705
258 1704
259 1703
259 1702
258 1701
258 1697
259 1696
260 1696
261 1695
261 1689
262 1688
263 1689
263 1692
264 1693
264 1695
265 1696
265 1698
266 1699
266 1701
267 1702
267 1704
268 1705
268 1707
269 1708
269 1710
270 1711
270 1712
271 1713
271 1714
272 1715
272 1717
273 1718
273 1719
274 1720
274 1721
276 1723
276 1724
277 1725
277 1726
278 1727
278 1728
279 1729
279 1730
280 1731
280 1732
282 1734
282 1735
283 1736
283 1737
285 1739
285 1740
286 1741
286 1742
288 1744
288 1745
289 1746
289 1747
292 1750
292 1751
293 1752
293 1753
296 1756
296 1757
298 1759
298 1760
303 1765
302 1766
302 1770
301 1771
301 1775
300 1776
300 1780
299 1781
299 1783
297 1785
295 1785
294 1786
292 1786
291 1787
290 1787
289 1788
288 1788
287 1789
286 1789
285 1790
284 1790
278 1796
278 1797
276 1799
276 1801
275 1802
275 1805
274 1806
274 1812
273 1813
273 1828
274 1829
274 1831
275 1832
275 1833
277 1835
277 1836
281 1840
282 1840
284 1842
285 1842
286 1843
288 1843
289 1844
291 1844
292 1845
297 1845
298 1846
306 1846
307 1845
311 1845
312 1844
313 1844
314 1843
315 1843
316 1842
317 1842
319 1840
320 1840
324 1836
324 1835
326 1833
326 1832
327 1831
327 1830
328 1829
328 1828
329 1827
329 1825
330 1824
330 1822
331 1821
331 1817
332 1816
332 1807
331 1806
331 1802
330 1801
330 1799
329 1798
329 1797
328 1796
328 1795
326 1793
325 1793
322 1790
322 1789
325 1786
329 1786
331 1788
332 1788
334 1790
335 1790
338 1793
339 1793
342 1796
343 1796
346 1799
347 1799
350 1802
351 1802
354 1805
355 1805
358 1808
359 1808
363 1812
364 1812
371 1819
371 1820
373 1822
373 1823
379 1829
380 1829
382 1831
383 1831
384 1832
385 1832
387 1834
388 1834
390 1836
391 1836
393 1838
394 1838
396 1840
397 1840
399 1842
400 1842
401 1843
402 1843
404 1845
405 1845
407 1847
408 1847
410 1849
411 1849
412 1850
413 1850
415 1852
416 1852
418 1854
419 1854
421 1856
422 1856
423 1857
424 1857
426 1859
427 1859
429 1861
430 1861
432 1863
433 1863
435 1865
436 1865
438 1867
439 1867
441 1869
442 1869
444 1871
445 1871
447 1873
448 1873
450 1875
451 1875
453 1877
454 1877
456 1879
457 1879
459 1881
460 1881
462 1883
463 1883
465 1885
466 1885
468 1887
469 1887
472 1890
473 1890
475 1892
476 1892
478 1894
479 1894
481 1896
482 1896
483 1897
484 1897
487 1900
488 1900
489 1901
490 1901
493 1904
494 1904
495 1905
496 1905
499 1908
500 1908
501 1909
502 1909
505 1912
506 1912
507 1913
508 1913
511 1916
512 1916
513 1917
514 1917
517 1920
518 1920
519 1921
520 1921
523 1924
524 1924
526 1926
527 1926
529 1928
530 1928
535 1933
535 1934
536 1934
537 1935
538 1935
540 1937
541 1937
543 1939
544 1939
546 1941
547 1941
549 1943
550 1943
551 1944
552 1944
554 1946
555 1946
557 1948
558 1948
560 1950
561 1950
563 1952
564 1952
565 1953
566 1953
568 1955
569 1955
571 1957
572 1957
574 1959
575 1959
576 1960
577 1960
580 1963
579 1964
575 1964
574 1965
570 1965
569 1966
567 1966
566 1967
565 1967
564 1968
563 1968
562 1969
561 1969
555 1975
555 1976
554 1977
554 1978
553 1979
553 1980
552 1981
552 1985
551 1986
551 2001
552 2002
552 2005
553 2006
553 2008
554 2009
554 2010
555 2011
555 2012
557 2014
557 2015
561 2019
562 2019
564 2021
565 2021
566 2022
568 2022
569 2023
571 2023
572 2024
584 2024
585 2023
588 2023
589 2022
591 2022
592 2021
593 2021
594 2020
595 2020
598 2017
599 2017
602 2014
602 2013
604 2011
604 2010
605 2009
605 2008
606 2007
606 1995
605 1994
605 1988
604 1987
604 1981
603 1980
603 1977
604 1976
605 1976
607 1978
608 1978
610 1980
611 1980
612 1981
613 1981
615 1983
616 1983
618 1985
619 1985
621 1987
622 1987
623 1988
624 1988
626 1990
627 1990
628 1991
629 1991
631 1993
632 1993
633 1994
634 1994
636 1996
637 1996
638 1997
639 1997
640 1998
641 1998
643 2000
644 2000
645 2001
646 2001
647 2002
648 2002
649 2003
650 2003
651 2004
652 2004
653 2005
655 2005
656 2006
657 2006
658 2007
660 2007
661 2008
663 2008
664 2009
666 2009
667 2010
669 2010
670 2011
673 2011
674 2012
677 2012
678 2013
681 2013
682 2014
685 2014
686 2015
691 2015
692 2016
708 2016
709 2015
711 2015
712 2014
713 2014
714 2013
715 2013
718 2010
718 2009
719 2008
719 2007
720 2006
720 2004
721 2003
721 2001
722 2000
722 1997
723 1996
723 1990
724 1989
724 1970
723 1969
723 1963
722 1962
722 1958
721 1957
721 1953
720 1952
720 1950
719 1949
719 1946
718 1945
718 1943
717 1942
717 1941
716 1940
716 1938
715 1937
715 1936
714 1935
714 1933
713 1932
713 1931
712 1930
712 1929
710 1927
710 1926
709 1925
709 1924
708 1923
708 1922
706 1920
706 1919
704 1917
704 1916
693 1905
694 1904
694 1903
695 1902
695 1900
696 1899
696 1897
697 1896
700 1899
701 1899
702 1898
703 1899
703 1901
704 1902
704 1904
705 1905
705 1907
707 1907
707 1901
706 1900
706 1896
705 1895
705 1891
704 1890
704 1886
703 1885
703 1883
702 1882
702 1881
701 1880
701 1879
699 1877
702 1874
702 1870
701 1869
701 1867
700 1866
700 1865
699 1864
699 1863
698 1862
696 1862
695 1861
694 1861
691 1858
691 1854
692 1853
692 1851
693 1850
693 1849
698 1844
698 1843
699 1842
699 1841
700 1840
700 1838
701 1837
701 1835
702 1834
702 1831
703 1830
703 1828
704 1827
704 1826
705 1825
705 1824
723 1806
723 1805
734 1794
734 1793
742 1785
742 1784
749 1777
749 1776
755 1770
755 1769
761 1763
761 1762
765 1758
765 1757
770 1752
770 1751
773 1748
773 1747
776 1744
776 1743
778 1741
778 1740
781 1737
781 1736
783 1734
783 1733
786 1730
786 1729
789 1726
789 1725
791 1723
791 1722
793 1720
793 1719
795 1717
795 1716
798 1713
798 1712
800 1710
800 1709
802 1707
802 1706
804 1704
804 1702
805 1701
805 1697
806 1696
806 1694
807 1693
807 1692
808 1691
808 1690
809 1689
809 1688
810 1687
810 1685
811 1684
811 1683
812 1682
812 1681
813 1680
813 1678
814 1677
814 1676
815 1675
815 1674
816 1673
816 1671
817 1670
817 1669
818 1668
818 1666
819 1665
819 1664
820 1663
820 1661
821 1660
821 1659
822 1658
822 1656
823 1655
823 1654
824 1653
824 1651
825 1650
825 1648
826 1647
826 1646
827 1645
827 1643
828 1642
828 1639
829 1638
829 1636
830 1635
830 1633
831 1632
831 1629
832 1628
832 1626
833 1625
833 1622
834 1621
834 1618
835 1617
835 1615
836 1614
837 1614
838 1613
840 1613
843 1610
843 1609
844 1608
844 1607
845 1606
845 1603
847 1601
847 1600
850 1597
850 1596
852 1594
852 1593
854 1591
854 1590
855 1589
855 1588
857 1586
857 1584
858 1583
858 1582
859 1581
859 1579
860 1578
860 1575
861 1574
861 1571
862 1570
862 1566
863 1565
863 1555
862 1554
862 1549
863 1548
863 1545
864 1544
864 1543
865 1542
865 1540
866 1539
866 1537
867 1536
867 1535
868 1534
868 1532
869 1531
869 1530
870 1529
870 1527
871 1526
871 1524
872 1523
872 1521
873 1520
873 1517
874 1516
874 1514
875 1513
875 1512
876 1511
876 1510
877 1509
877 1508
878 1507
878 1506
879 1505
879 1503
880 1502
880 1498
881 1497
881 1491
882 1490
882 1487
883 1486
883 1484
884 1483
884 1481
885 1480
885 1470
886 1469
886 1468
887 1467
887 1466
888 1465
888 1463
887 1462
887 1460
888 1459
889 1459
890 1458
891 1458
893 1456
893 1452
892 1451
892 1446
896 1442
896 1441
897 1440
897 1439
898 1438
898 1433
899 1432
899 1427
900 1426
900 1424
901 1423
901 1422
902 1421
902 1419
903 1418
903 1416
904 1415
904 1414
905 1413
905 1411
906 1410
911 1410
912 1409
913 1409
914 1408
916 1408
918 1406
919 1406
924 1401
924 1400
926 1398
926 1397
927 1396
927 1395
928 1394
928 1392
929 1391
929 1389
930 1388
930 1384
931 1383
931 1382
930 1381
930 1378
929 1377
929 1374
928 1373
928 1370
927 1369
927 1366
926 1365
926 1362
925 1361
925 1358
924 1357
924 1354
923 1353
923 1350
922 1349
922 1346
921 1345
921 1342
920 1341
920 1338
919 1337
919 1334
918 1333
918 1330
917 1329
917 1326
916 1325
916 1323
917 1322
918 1322
919 1321
922 1321
923 1320
926 1320
927 1319
930 1319
931 1318
933 1318
934 1317
936 1317
937 1316
939 1316
940 1315
941 1315
942 1314
943 1314
944 1313
945 1313
946 1312
947 1312
948 1311
949 1311
953 1307
953 1306
954 1305
954 1302
955 1301
955 1293
954 1292
954 1288
953 1287
953 1283
952 1282
952 1279
953 1278
953 1272
954 1271
954 1264
955 1263
955 1253
956 1252
956 1240
955 1239
955 1217
954 1216
954 1206
953 1205
953 1199
952 1198
952 1194
951 1193
951 1190
950 1189
950 1186
949 1185
949 1181
948 1180
948 1176
947 1175
947 1171
946 1170
946 1165
945 1164
945 1157
944 1156
944 1146
943 1145
943 1122
942 1121
942 1082
943 1081
943 1062
944 1061
944 1051
945 1050
945 1042
946 1041
946 1034
947 1033
947 1027
948 1026
948 1019
949 1018
949 1012
950 1011
950 1005
951 1004
951 999
952 998
952 995
954 993
958 993
959 992
963 992
964 991
966 991
967 990
969 990
970 989
972 989
973 988
975 988
976 987
977 987
1004 960
1005 960
1011 954
1012 954
1015 951
1016 951
1017 950
1019 950
1020 949
1021 949
1022 948
1023 948
1024 947
1025 947
1026 946
1027 946
1028 945
1030 945
1031 944
1032 944
1033 943
1034 943
1034 937
1035 936
1035 933
1036 932
1036 929
1037 928
1037 926
1038 925
1038 924
1039 923
1039 921
1040 920
1040 918
1041 917
1041 916
1042 915
1042 913
1043 912
1043 910
1044 909
1044 907
1045 906
1045 904
1046 903
1046 901
1047 900
1047 898
1048 897
1048 895
1049 894
1049 892
1051 890
1052 890
1053 889
1054 889
1055 888
1057 888
1058 887
1059 887
1060 886
1062 886
1063 885
1064 885
1065 884
1066 884
1067 883
1069 883
1070 882
1071 882
1072 881
1073 881
1074 880
1076 880
1077 879
1078 879
1079 878
1079 724
1078 723
1076 723
1075 722
1074 722
1073 721
1071 721
1070 720
1068 720
1067 719
1065 719
1064 718
1063 718
1062 717
1060 717
1059 716
1057 716
1056 715
1054 715
1053 714
1052 714
1051 713
1049 713
1048 712
1047 712
1046 711
1045 711
1044 710
1043 710
1036 703
1035 703
1029 697
1028 697
1026 695
1025 695
1022 692
1021 692
1019 690
1018 690
1016 688
1016 686
1015 685
1015 683
1014 682
1014 681
1013 680
1013 679
1012 678
1012 677
1011 676
1011 675
1010 674
1010 673
1009 672
1009 671
1008 670
1008 669
1007 668
1007 667
1005 665
1005 664
1003 662
1003 661
1000 658
1000 657
989 646
989 645
970 626
969 626
968 625
967 625
966 624
964 624
963 623
959 623
958 622
949 622
948 623
946 623
945 624
941 624
940 625
939 625
937 627
936 627
935 626
934 626
932 624
931 624
929 622
928 622
927 621
926 621
924 619
923 619
922 618
921 618
920 617
919 617
918 616
917 616
916 615
915 615
914 614
913 614
912 613

