0 422
0 2399
463 2399
464 2398
464 2397
471 2390
471 2389
476 2384
476 2383
480 2379
480 2378
484 2374
484 2373
487 2370
487 2369
491 2365
491 2364
494 2361
494 2360
497 2357
497 2356
500 2353
500 2352
502 2350
502 2349
504 2347
504 2346
507 2343
507 2342
509 2340
509 2339
511 2337
511 2336
513 2334
513 2333
515 2331
515 2330
517 2328
517 2327
519 2325
519 2324
520 2323
520 2322
522 2320
522 2319
524 2317
524 2316
525 2315
525 2314
527 2312
527 2311
528 2310
528 2309
530 2307
530 2306
531 2305
531 2304
533 2302
533 2301
534 2300
534 2299
535 2298
535 2297
536 2296
536 2295
538 2293
538 2292
539 2291
539 2290
540 2289
540 2288
541 2287
541 2286
543 2284
543 2283
544 2282
544 2281
545 2280
545 2279
547 2277
547 2276
548 2275
548 2274
549 2273
549 2272
550 2271
550 2270
551 2269
551 2268
552 2267
552 2266
553 2265
553 2264
554 2263
554 2262
555 2261
555 2260
556 2259
556 2257
557 2256
557 2255
558 2254
558 2253
559 2252
559 2251
560 2250
560 2249
561 2248
561 2247
562 2246
562 2245
563 2244
563 2242
564 2241
564 2240
565 2239
565 2238
566 2237
566 2236
567 2235
567 2233
568 2232
568 2231
569 2230
569 2229
570 2228
570 2226
571 2225
571 2224
572 2223
572 2221
573 2220
573 2219
574 2218
574 2217
575 2216
575 2214
576 2213
576 2212
577 2211
577 2209
578 2208
578 2207
579 2206
579 2204
580 2203
580 2202
581 2201
581 2199
582 2198
582 2196
583 2195
583 2194
584 2193
584 2191
585 2190
585 2188
586 2187
586 2185
587 2184
587 2183
588 2182
588 2180
589 2179
589 2177
590 2176
590 2174
591 2173
591 2171
592 2170
592 2168
593 2167
593 2164
594 2163
594 2161
595 2160
595 2158
596 2157
596 2155
597 2154
597 2151
598 2150
598 2148
599 2147
599 2145
600 2144
600 2141
601 2140
601 2138
602 2137
602 2134
603 2133
603 2130
604 2129
604 2126
605 2125
605 2123
606 2122
606 2119
607 2118
607 2115
608 2114
608 2111
609 2110
609 2106
610 2105
610 2101
611 2100
611 2097
612 2096
612 2092
613 2091
613 2087
614 2086
614 2082
615 2081
615 2076
616 2075
616 2071
617 2070
617 2066
618 2065
618 2059
619 2058
619 2052
620 2051
620 2046
621 2045
621 2039
622 2038
622 2032
623 2031
623 2024
624 2023
624 2012
625 2011
625 1998
626 1997
626 1993
627 1992
628 1992
629 1991
630 1991
631 1990
632 1990
633 1989
634 1989
636 1987
637 1987
638 1986
639 1986
640 1985
641 1985
643 1983
644 1983
645 1982
646 1982
648 1980
649 1980
651 1978
652 1978
653 1977
654 1977
656 1975
657 1975
659 1973
660 1973
661 1972
662 1972
664 1970
665 1970
666 1969
667 1969
669 1967
670 1967
671 1966
672 1966
674 1964
675 1964
676 1963
677 1963
679 1961
680 1961
683 1958
684 1958
686 1956
687 1956
689 1954
690 1954
693 1951
694 1951
696 1949
697 1949
700 1946
701 1946
704 1943
705 1943
709 1939
710 1939
714 1935
715 1935
719 1931
720 1931
724 1927
725 1927
728 1924
729 1924
735 1918
736 1918
743 1911
744 1911
756 1899
757 1899
772 1884
772 1883
785 1870
785 1869
792 1862
792 1861
798 1855
798 1854
802 1850
802 1849
806 1845
806 1844
810 1840
810 1839
814 1835
814 1834
818 1830
818 1829
820 1827
820 1826
823 1823
823 1822
825 1820
825 1819
827 1817
827 1816
829 1814
829 1813
831 1811
831 1810
834 1807
834 1806
836 1804
836 1803
838 1801
838 1800
840 1798
840 1797
841 1796
841 1795
843 1793
843 1792
844 1791
844 1790
846 1788
846 1787
847 1786
847 1785
849 1783
849 1782
850 1781
850 1780
851 1779
851 1778
853 1776
853 1775
854 1774
854 1773
855 1772
855 1771
857 1769
857 1768
858 1767
858 1766
859 1765
859 1764
860 1763
860 1762
861 1761
861 1760
863 1758
863 1757
864 1756
864 1755
865 1754
865 1753
866 1752
866 1751
867 1750
867 1749
868 1748
868 1747
869 1746
869 1745
870 1744
870 1743
871 1742
871 1741
872 1740
872 1739
873 1738
873 1737
874 1736
874 1735
875 1734
875 1733
876 1732
876 1730
877 1729
877 1728
878 1727
878 1726
879 1725
879 1724
880 1723
880 1721
881 1720
881 1719
882 1718
882 1717
883 1716
883 1714
884 1713
884 1712
885 1711
885 1709
886 1708
886 1707
887 1706
887 1704
888 1703
888 1702
889 1701
889 1699
890 1698
890 1697
891 1696
891 1694
892 1693
892 1691
893 1690
893 1688
894 1687
894 1686
895 1685
895 1683
896 1682
896 1680
897 1679
897 1677
898 1676
898 1674
899 1673
899 1670
900 1669
900 1667
901 1666
901 1664
902 1663
902 1660
903 1659
903 1657
904 1656
904 1653
905 1652
905 1650
906 1649
906 1647
907 1646
907 1643
908 1642
908 1639
909 1638
909 1636
910 1635
910 1632
911 1631
911 1627
912 1626
912 1623
913 1622
913 1618
914 1617
914 1613
915 1612
915 1608
916 1607
916 1603
917 1602
917 1598
918 1597
918 1594
919 1593
919 1587
920 1586
920 1581
921 1580
921 1573
922 1572
922 1565
923 1564
923 1558
924 1557
924 1546
925 1545
925 1534
926 1533
926 1518
927 1517
927 1462
926 1461
926 1446
925 1445
925 1434
924 1433
924 1423
923 1422
923 1415
922 1414
922 1406
921 1405
921 1398
920 1397
920 1390
919 1389
919 1384
918 1383
918 1378
917 1377
917 1371
916 1370
916 1365
915 1364
915 1360
914 1359
914 1355
913 1354
913 1350
912 1349
912 1346
911 1345
911 1341
910 1340
910 1337
909 1336
909 1333
908 1332
908 1328
907 1327
907 1324
906 1323
906 1320
905 1319
905 1316
904 1315
904 1311
903 1310
903 1307
902 1306
902 1304
901 1303
901 1300
900 1299
900 1297
899 1296
899 1294
898 1293
898 1290
897 1289
897 1287
896 1286
896 1284
895 1283
895 1280
894 1279
894 1277
893 1276
893 1274
892 1273
892 1270
891 1269
891 1267
890 1266
890 1264
889 1263
889 1261
888 1260
888 1258
887 1257
887 1255
886 1254
886 1252
885 1251
885 1249
884 1248
884 1246
883 1245
883 1243
882 1242
882 1241
881 1240
881 1238
880 1237
880 1235
879 1234
879 1233
878 1232
878 1230
877 1229
877 1227
876 1226
876 1225
875 1224
875 1222
874 1221
874 1219
873 1218
873 1217
872 1216
872 1214
871 1213
871 1211
870 1210
870 1209
869 1208
869 1206
868 1205
868 1204
867 1203
867 1202
866 1201
866 1199
865 1198
865 1197
864 1196
864 1195
863 1194
863 1192
862 1191
862 1190
861 1189
861 1187
860 1186
860 1185
859 1184
859 1183
858 1182
858 1180
857 1179
857 1178
856 1177
856 1176
855 1175
855 1173
854 1172
854 1171
853 1170
853 1169
852 1168
852 1167
851 1166
851 1164
850 1163
850 1162
849 1161
849 1160
848 1159
848 1158
847 1157
847 1156
846 1155
846 1154
845 1153
845 1152
844 1151
844 1150
843 1149
843 1148
842 1147
842 1146
841 1145
841 1143
840 1142
840 1141
839 1140
839 1139
838 1138
838 1137
837 1136
837 1135
836 1134
836 1133
835 1132
835 1131
834 1130
834 1129
833 1128
833 1127
832 1126
832 1125
831 1124
831 1123
830 1122
830 1121
829 1120
829 1119
828 1118
828 1117
827 1116
827 1115
826 1114
826 1113
824 1111
824 1110
823 1109
823 1108
822 1107
822 1106
821 1105
821 1104
820 1103
820 1102
819 1101
819 1100
817 1098
817 1097
816 1096
816 1095
815 1094
815 1093
814 1092
814 1091
813 1090
813 1089
812 1088
812 1087
810 1085
810 1084
809 1083
809 1082
807 1080
807 1079
806 1078
806 1077
804 1075
804 1074
803 1073
803 1072
801 1070
801 1069
800 1068
800 1067
799 1066
799 1065
797 1063
797 1062
796 1061
796 1060
794 1058
794 1057
793 1056
793 1055
791 1053
791 1052
790 1051
790 1050
788 1048
788 1047
786 1045
786 1044
785 1043
785 1042
783 1040
783 1039
782 1038
782 1037
780 1035
780 1034
778 1032
778 1031
776 1029
776 1028
775 1027
775 1026
773 1024
773 1023
771 1021
771 1020
769 1018
769 1017
767 1015
767 1014
765 1012
765 1011
763 1009
763 1008
761 1006
761 1005
759 1003
759 1002
757 1000
757 999
755 997
755 996
753 994
753 993
751 991
751 990
748 987
748 986
746 984
746 983
743 980
743 979
740 976
740 975
738 973
738 972
735 969
735 968
732 965
732 964
729 961
729 960
726 957
726 956
723 953
723 952
720 949
720 948
717 945
717 944
714 941
714 940
711 937
711 936
708 933
708 932
704 928
704 927
700 923
700 922
696 918
696 917
692 913
692 912
688 908
688 907
684 903
684 902
680 898
680 897
676 893
676 892
671 887
671 886
667 882
667 881
662 876
662 875
658 871
658 870
651 863
651 862
644 855
644 854
637 847
637 846
630 839
630 838
620 828
620 827
612 819
612 818
591 797
591 796
540 745
539 745
538 744
538 743
535 740
534 740
521 727
520 727
509 716
508 716
496 704
495 704
489 698
488 698
481 691
480 691
475 686
474 686
469 681
468 681
463 676
462 676
457 671
456 671
452 667
451 667
446 662
445 662
441 658
440 658
436 654
435 654
431 650
430 650
426 646
425 646
420 641
419 641
415 637
414 637
411 634
410 634
407 631
406 631
403 628
402 628
399 625
398 625
395 622
394 622
392 620
391 620
388 617
387 617
385 615
384 615
381 612
380 612
377 609
376 609
374 607
373 607
371 605
370 605
367 602
366 602
364 600
363 600
361 598
360 598
357 595
356 595
354 593
353 593
351 591
350 591
347 588
346 588
344 586
343 586
341 584
340 584
337 581
336 581
334 579
333 579
332 578
331 578
329 576
328 576
326 574
325 574
323 572
322 572
320 570
319 570
317 568
316 568
315 567
314 567
312 565
311 565
309 563
308 563
306 561
305 561
304 560
303 560
301 558
300 558
298 556
297 556
295 554
294 554
293 553
292 553
290 551
289 551
288 550
287 550
285 548
284 548
282 546
281 546
280 545
279 545
277 543
276 543
275 542
274 542
272 540
271 540
270 539
269 539
267 537
266 537
265 536
264 536
262 534
261 534
260 533
259 533
258 532
257 532
255 530
254 530
253 529
252 529
251 528
250 528
248 526
247 526
246 525
245 525
244 524
243 524
242 523
241 523
239 521
238 521
237 520
236 520
235 519
234 519
232 517
231 517
230 516
229 516
228 515
227 515
226 514
225 514
224 513
223 513
221 511
220 511
219 510
218 510
217 509
216 509
215 508
214 508
213 507
212 507
211 506
210 506
209 505
208 505
207 504
206 504
204 502
203 502
202 501
201 501
200 500
199 500
198 499
197 499
196 498
195 498
194 497
193 497
192 496
191 496
190 495
189 495
188 494
187 494
186 493
185 493
184 492
183 492
182 491
181 491
180 490
179 490
178 489
177 489
176 488
175 488
174 487
173 487
172 486
171 486
170 485
169 485
168 484
166 484
165 483
164 483
163 482
162 482
161 481
160 481
159 480
158 480
157 479
156 479
155 478
154 478
153 477
151 477
150 476
149 476
148 475
147 475
146 474
145 474
144 473
143 473
142 472
140 472
139 471
138 471
137 470
136 470
135 469
134 469
133 468
131 468
130 467
129 467
128 466
127 466
126 465
125 465
124 464
122 464
121 463
120 463
119 462
118 462
117 461
115 461
114 460
113 460
112 459
110 459
109 458
108 458
107 457
105 457
104 456
103 456
102 455
101 455
100 454
98 454
97 453
96 453
95 452
93 452
92 451
91 451
90 450
88 450
87 449
85 449
84 448
83 448
82 447
80 447
79 446
77 446
76 445
75 445
74 444
72 444
71 443
69 443
68 442
66 442
65 441
63 441
62 440
60 440
59 439
57 439
56 438
54 438
53 437
51 437
50 436
48 436
47 435
45 435
44 434
42 434
41 433
38 433
37 432
35 432
34 431
32 431
31 430
28 430
27 429
25 429
24 428
21 428
20 427
18 427
17 426
14 426
13 425
10 425
9 424
6 424
5 423
2 423
1 422

