425 573
424 574
423 574
423 575
422 576
421 576
420 577
420 578
417 581
415 579
414 579
412 577
411 577
411 579
410 580
409 580
408 581
407 581
406 582
404 582
403 581
401 581
400 582
399 582
398 583
395 583
394 584
393 584
392 585
387 585
386 584
379 584
377 586
377 592
375 594
374 594
374 595
370 599
370 600
369 601
369 603
368 604
365 604
364 605
362 605
359 608
359 609
357 611
357 616
355 618
355 619
354 620
354 624
352 626
352 628
351 629
351 631
349 633
348 633
347 634
346 634
343 637
343 638
342 639
342 640
341 641
339 641
339 642
338 643
338 644
335 647
335 654
333 656
333 663
332 664
332 671
331 672
331 675
330 676
330 683
329 684
329 685
328 686
328 687
327 688
327 690
325 692
325 693
324 694
324 697
323 698
322 698
321 699
320 699
320 700
319 701
319 703
317 705
317 706
316 707
316 710
315 711
315 713
316 714
316 717
314 719
313 719
310 722
308 722
307 723
306 723
305 724
305 725
303 727
303 728
302 729
302 730
301 731
301 732
300 733
300 734
299 735
299 736
298 737
298 739
297 740
297 741
296 742
296 749
295 750
295 751
294 752
294 755
293 756
293 759
294 760
294 765
295 766
295 767
296 768
296 772
297 773
296 774
297 775
296 776
296 777
295 778
295 781
292 784
292 786
288 790
288 792
287 793
287 795
286 796
286 797
285 798
285 799
284 800
283 800
283 802
282 803
281 803
278 806
278 807
276 809
276 810
275 811
275 812
273 814
273 815
272 816
272 817
271 818
271 819
270 820
270 826
267 829
267 830
266 831
266 833
265 834
265 836
264 837
264 840
263 841
263 853
264 854
264 861
265 862
265 864
264 865
264 874
265 875
265 879
264 880
264 882
266 884
266 888
265 889
265 890
264 891
264 892
263 893
263 894
262 895
262 900
261 901
261 909
260 910
260 913
259 914
259 934
260 935
259 936
259 938
257 940
256 940
253 943
253 944
252 945
252 946
251 947
250 947
250 950
249 951
249 954
248 955
248 957
246 959
246 963
245 964
245 965
244 966
244 970
243 971
243 974
241 976
241 977
240 978
240 980
239 981
239 983
238 984
238 987
237 988
237 989
236 990
236 993
235 994
235 995
232 998
232 999
231 1000
231 1001
230 1002
230 1003
229 1004
229 1005
228 1006
228 1007
227 1008
227 1010
225 1012
225 1013
224 1014
224 1015
222 1017
222 1020
219 1023
219 1025
218 1026
217 1026
214 1029
214 1030
211 1033
211 1034
209 1036
209 1037
208 1038
208 1039
207 1040
207 1042
205 1044
205 1047
204 1048
204 1051
203 1052
203 1054
202 1055
202 1056
201 1057
201 1063
200 1064
200 1068
199 1069
199 1070
198 1071
198 1074
197 1075
197 1088
198 1089
197 1090
197 1094
196 1095
196 1099
197 1100
197 1103
196 1104
196 1108
197 1109
196 1110
196 1113
195 1114
195 1119
194 1120
194 1124
193 1125
193 1127
192 1128
192 1130
190 1132
190 1133
189 1134
189 1136
188 1137
188 1139
187 1140
187 1142
184 1145
183 1145
181 1147
181 1149
179 1151
179 1152
176 1155
176 1157
174 1159
173 1159
172 1160
171 1160
168 1163
167 1163
166 1164
164 1164
160 1168
159 1168
158 1169
157 1169
155 1171
153 1171
153 1172
152 1173
148 1173
147 1174
145 1174
141 1178
141 1179
138 1182
138 1183
137 1184
137 1186
135 1188
135 1189
130 1194
130 1195
128 1197
128 1198
126 1200
126 1202
124 1204
124 1205
123 1206
123 1207
122 1208
122 1209
120 1211
120 1213
119 1214
119 1215
117 1217
117 1219
116 1220
116 1223
115 1224
115 1225
114 1226
114 1227
113 1228
112 1227
111 1227
111 1229
110 1230
110 1231
108 1233
108 1234
107 1235
107 1236
105 1238
105 1239
104 1240
104 1248
103 1249
103 1251
102 1252
102 1254
101 1255
101 1256
102 1257
101 1258
101 1259
100 1260
100 1263
99 1264
99 1265
100 1266
100 1267
98 1269
99 1270
98 1271
98 1273
96 1275
96 1276
95 1277
95 1278
94 1279
95 1280
95 1281
94 1282
94 1283
92 1285
92 1290
91 1291
91 1292
90 1293
90 1296
89 1297
89 1299
88 1300
88 1301
87 1302
87 1304
86 1305
86 1311
85 1312
85 1314
84 1315
84 1317
83 1318
83 1320
82 1321
82 1323
81 1324
81 1326
80 1327
80 1331
75 1336
74 1336
72 1338
72 1339
68 1343
68 1344
67 1345
67 1346
65 1348
64 1348
64 1349
63 1350
63 1351
62 1352
62 1353
61 1354
61 1355
60 1356
60 1357
59 1358
59 1359
58 1360
58 1361
51 1368
51 1369
49 1371
49 1372
45 1376
45 1377
44 1378
43 1378
43 1379
42 1380
42 1382
38 1386
38 1387
37 1388
37 1389
35 1391
35 1392
34 1393
34 1394
32 1396
32 1397
31 1398
31 1399
29 1401
29 1403
27 1405
27 1409
26 1410
26 1413
25 1414
25 1415
24 1416
24 1419
22 1421
21 1421
19 1423
18 1423
17 1424
16 1424
14 1426
13 1426
11 1428
10 1428
9 1429
8 1429
5 1432
4 1432
3 1433
2 1433
1 1434
0 1434
0 2399
1079 2399
1079 1170
1075 1170
1074 1171
1070 1171
1069 1172
1069 1173
1067 1175
1067 1176
1066 1177
1066 1180
1064 1182
1064 1183
1063 1184
1062 1184
1061 1185
1061 1186
1060 1187
1060 1188
1059 1189
1059 1191
1058 1192
1058 1194
1057 1195
1057 1197
1056 1198
1053 1198
1052 1199
1051 1199
1051 1200
1050 1201
1050 1202
1049 1203
1049 1204
1047 1206
1047 1209
1046 1210
1044 1208
1044 1206
1043 1205
1043 1203
1042 1202
1042 1200
1041 1199
1042 1198
1042 1197
1041 1196
1041 1192
1040 1191
1040 1189
1038 1189
1037 1188
1037 1187
1035 1185
1035 1183
1034 1183
1032 1181
1032 1180
1030 1180
1029 1179
1028 1179
1027 1180
1026 1180
1023 1183
1022 1182
1022 1180
1021 1179
1021 1177
1020 1176
1020 1175
1018 1173
1018 1172
1017 1171
1017 1170
1016 1169
1016 1166
1015 1166
1014 1165
1014 1162
1013 1161
1013 1156
1012 1155
1012 1146
1011 1145
1011 1141
1010 1140
1010 1137
1009 1137
1006 1134
1006 1132
1005 1132
1001 1128
1001 1126
999 1124
999 1123
998 1122
998 1121
997 1120
997 1116
994 1113
994 1112
993 1112
992 1111
992 1109
989 1106
989 1104
988 1103
988 1102
986 1100
986 1099
985 1098
985 1097
983 1095
983 1094
982 1093
982 1092
981 1091
981 1090
980 1089
980 1087
976 1083
976 1082
974 1080
973 1080
972 1079
972 1076
969 1073
968 1073
967 1072
967 1071
965 1069
965 1068
964 1068
962 1066
962 1065
961 1065
960 1064
959 1065
954 1065
953 1066
951 1066
947 1070
947 1071
946 1072
946 1073
945 1074
944 1073
944 1069
943 1068
944 1067
944 1062
943 1061
943 1060
940 1057
940 1054
939 1053
939 1051
938 1050
938 1048
937 1047
937 1046
935 1044
935 1043
934 1042
934 1039
933 1038
933 1037
932 1036
932 1034
931 1033
930 1033
927 1030
927 1029
925 1027
925 1026
924 1025
924 1023
923 1022
923 1018
922 1017
922 1011
921 1010
921 1008
920 1007
920 1000
919 999
919 996
918 995
918 993
917 992
917 989
915 987
915 986
916 985
916 983
913 980
913 978
911 976
911 975
910 975
909 974
908 974
906 972
906 971
905 970
904 970
903 969
902 969
900 967
898 967
897 966
894 966
893 965
892 965
891 964
883 964
882 965
879 965
877 963
877 962
874 959
872 959
869 956
868 956
867 955
866 955
865 954
864 954
863 953
862 953
860 951
860 948
859 947
859 946
858 945
858 944
857 943
858 942
857 941
857 936
856 935
856 934
855 933
855 931
854 930
854 928
853 927
853 926
852 925
852 924
851 923
851 921
849 919
849 918
848 917
848 915
846 913
846 912
845 911
845 907
843 905
843 904
840 901
841 900
839 898
838 898
835 895
835 894
834 894
833 893
831 893
829 891
830 890
830 889
829 888
829 887
827 885
827 884
826 884
825 883
824 883
822 881
819 881
818 882
816 880
814 880
814 881
813 882
812 881
812 880
810 880
808 878
808 877
807 876
807 875
806 874
806 873
802 869
802 868
801 868
800 867
800 864
797 861
798 860
797 859
797 855
795 853
795 851
791 847
791 846
790 846
788 844
787 844
784 841
783 841
781 839
780 839
778 837
777 837
775 835
774 835
773 834
771 834
770 833
769 833
768 832
765 832
760 827
756 827
755 826
755 823
754 822
754 817
753 816
753 808
752 807
753 806
753 795
752 794
752 783
751 782
751 779
750 778
750 777
749 776
748 776
746 774
744 774
740 770
740 768
739 767
738 767
737 766
737 764
735 762
735 760
734 760
733 759
733 758
732 758
731 757
732 756
730 756
729 755
728 755
727 754
726 754
725 755
724 755
723 754
722 754
721 753
714 753
711 750
711 747
710 746
710 745
709 745
707 743
707 741
706 740
706 739
703 736
702 736
701 735
700 735
697 732
696 732
695 731
694 731
693 730
692 730
691 729
689 729
688 728
686 728
685 729
683 729
680 732
680 733
679 734
678 733
678 732
677 732
676 731
675 731
673 729
672 729
670 727
669 727
668 726
667 726
665 724
664 724
663 723
661 723
660 722
658 722
657 721
656 721
655 720
654 720
650 716
650 715
647 712
647 711
646 710
646 709
644 707
643 707
642 706
639 706
638 705
637 705
636 704
634 704
633 703
630 703
629 702
618 702
617 703
616 703
615 704
612 701
611 701
608 698
607 698
606 699
604 697
604 696
603 696
602 695
600 695
599 694
597 694
596 693
595 693
594 692
593 692
592 691
591 691
590 690
589 690
580 681
580 679
578 677
578 673
577 672
577 670
576 669
576 666
575 665
575 663
570 658
569 658
568 657
568 652
566 650
565 650
564 649
564 648
561 645
560 645
559 644
558 644
557 643
556 643
555 642
554 642
552 640
553 639
553 638
552 638
551 639
549 639
546 636
546 633
545 633
545 635
544 636
543 635
542 635
537 630
537 626
535 624
535 623
534 622
533 622
531 620
528 620
527 621
525 621
524 622
522 620
520 620
519 619
518 619
516 617
515 617
514 616
512 616
511 615
510 615
507 612
506 612
505 611
504 611
500 607
500 606
497 606
496 605
495 605
493 603
492 603
490 601
488 601
487 600
486 600
485 599
483 599
482 598
481 598
480 597
479 597
478 596
476 596
475 595
474 595
473 594
471 594
469 592
468 592
466 590
465 590
464 589
462 589
461 588
460 588
459 587
458 587
457 586
456 586
455 585
453 585
452 584
452 581
449 578
447 578
446 579
445 579
444 580
444 581
442 583
441 583
440 584
438 582
437 582
436 581
436 580
435 580
434 579
434 578
432 576
431 576
428 573

