540 572
540 574
539 575
536 575
535 576
533 576
532 577
532 578
531 579
530 579
527 582
526 581
523 584
523 585
524 586
522 588
521 588
521 590
520 591
520 592
519 593
518 593
515 596
513 596
513 597
511 599
511 601
509 603
508 603
507 604
506 604
505 605
504 605
503 606
502 606
500 608
499 608
497 610
496 610
494 612
493 612
490 615
489 615
486 618
485 618
484 619
484 620
483 621
482 621
481 622
480 622
478 624
477 624
476 625
475 625
474 626
472 626
471 627
470 627
466 631
466 632
464 634
463 634
463 636
462 637
462 638
461 639
460 639
460 640
458 642
457 642
456 643
455 643
453 645
452 645
451 646
450 646
450 647
449 648
449 649
448 650
447 650
447 651
443 655
442 655
442 656
441 657
441 658
435 664
432 664
432 665
430 667
429 666
428 667
427 667
424 670
424 671
422 673
421 673
420 674
419 673
418 673
418 674
416 676
414 676
414 677
412 679
412 680
411 681
411 682
410 683
404 683
402 685
400 685
399 686
398 686
393 691
391 691
388 694
387 693
385 693
381 697
381 698
380 699
379 699
375 703
372 703
372 704
368 708
366 708
366 709
365 710
364 710
364 712
362 714
362 716
361 717
361 718
360 719
360 720
359 721
358 720
358 719
357 719
356 718
355 718
355 721
356 722
357 722
358 723
358 726
356 728
355 728
354 729
352 729
349 732
348 732
344 736
343 735
342 735
339 738
339 739
337 741
336 740
334 740
333 741
333 742
332 743
330 743
328 741
328 739
326 737
325 737
323 739
323 742
322 743
321 743
320 742
320 741
321 740
321 739
320 740
319 740
318 739
318 738
316 736
310 736
308 738
307 738
302 743
302 744
301 745
301 746
300 747
299 746
298 746
298 747
297 748
295 748
294 749
294 751
293 752
291 752
291 753
290 754
290 755
288 757
288 759
287 760
286 760
285 761
285 763
284 764
284 766
283 767
283 770
282 771
281 770
281 769
281 770
282 771
282 774
281 775
281 778
279 780
278 780
276 782
274 782
274 783
273 784
273 785
272 786
272 787
269 790
268 790
268 791
266 793
266 795
264 797
264 798
263 799
263 800
262 801
262 802
259 805
259 806
257 808
256 808
255 809
255 810
253 812
253 814
251 816
250 815
249 815
248 816
247 816
247 817
244 820
243 819
244 820
244 821
243 822
243 824
242 825
240 825
240 826
239 827
239 830
237 832
237 833
235 835
235 839
234 840
234 841
233 842
233 846
231 848
231 849
230 850
230 851
229 852
229 853
227 855
227 856
225 858
225 861
224 862
224 863
223 864
223 866
224 867
223 868
223 872
222 873
221 873
220 874
220 875
218 877
218 880
216 882
216 884
215 885
215 886
214 887
214 891
213 892
213 901
212 902
212 906
211 907
211 910
210 911
210 913
207 916
206 916
204 918
204 919
200 923
200 925
198 927
198 928
199 929
198 930
198 933
197 934
197 948
196 949
196 951
197 952
196 953
196 963
195 964
194 964
194 966
193 967
193 968
194 969
192 971
191 971
191 972
192 973
191 974
189 974
188 975
188 980
186 982
186 983
185 984
183 984
182 985
182 986
181 987
181 988
179 990
179 992
178 993
177 993
176 992
176 991
174 991
174 994
173 995
173 998
171 1000
171 1004
170 1005
170 1006
169 1007
168 1007
168 1012
166 1014
166 1015
165 1016
165 1017
164 1018
164 1020
163 1021
163 1027
162 1028
163 1029
161 1031
161 1039
160 1040
160 1042
159 1043
159 1049
158 1050
158 1053
157 1054
157 1059
156 1060
156 1062
155 1063
155 1064
154 1065
153 1065
153 1069
152 1070
152 1071
151 1072
151 1074
150 1075
150 1080
149 1081
149 1084
148 1085
148 1090
146 1092
146 1094
145 1095
145 1097
143 1099
143 1101
141 1103
140 1103
138 1105
138 1106
137 1107
137 1108
136 1109
135 1109
134 1108
133 1108
132 1109
132 1110
131 1111
131 1114
130 1115
130 1116
129 1117
129 1119
128 1120
128 1123
126 1125
125 1125
125 1127
123 1129
123 1130
122 1131
120 1129
119 1129
118 1130
118 1132
117 1133
117 1134
115 1136
114 1136
114 1137
111 1140
110 1140
111 1141
110 1142
108 1142
107 1143
107 1144
105 1146
103 1146
103 1148
100 1151
99 1150
97 1152
96 1152
96 1153
92 1157
90 1157
90 1158
89 1159
88 1159
87 1160
86 1160
83 1163
81 1163
80 1164
80 1165
79 1166
78 1166
77 1167
76 1167
75 1168
74 1168
69 1173
69 1174
68 1175
67 1175
65 1177
64 1177
63 1178
63 1179
61 1181
60 1181
59 1180
60 1179
60 1178
59 1177
59 1175
58 1175
57 1174
54 1174
53 1173
53 1170
52 1169
52 1168
51 1167
50 1167
46 1163
43 1163
40 1160
40 1159
39 1158
39 1156
38 1155
38 1154
37 1153
37 1152
36 1153
35 1152
35 1151
34 1150
34 1148
33 1147
33 1143
32 1142
32 1138
31 1137
31 1133
29 1131
29 1129
28 1128
28 1127
27 1127
26 1126
27 1125
25 1123
24 1123
23 1122
22 1122
20 1120
21 1119
20 1118
20 1116
19 1115
19 1109
18 1108
18 1107
17 1106
17 1105
18 1104
18 1096
17 1095
17 1093
16 1092
16 1087
15 1086
15 1080
14 1079
14 1077
13 1076
12 1076
12 1077
11 1078
9 1076
9 1069
8 1068
8 1066
6 1066
5 1065
5 1061
4 1060
4 1056
3 1055
3 1053
2 1052
2 1045
1 1044
1 1043
0 1042
0 2399
1079 2399
1079 1303
1079 1306
1077 1308
1077 1309
1075 1311
1075 1313
1074 1314
1074 1318
1071 1321
1070 1321
1068 1323
1067 1322
1064 1325
1063 1325
1062 1326
1061 1326
1061 1327
1060 1328
1059 1328
1057 1330
1056 1330
1055 1331
1054 1331
1054 1333
1053 1334
1052 1334
1052 1335
1050 1337
1049 1337
1049 1338
1048 1339
1047 1338
1046 1339
1046 1340
1045 1341
1044 1340
1044 1339
1043 1339
1043 1341
1042 1342
1042 1343
1041 1344
1040 1344
1039 1345
1037 1345
1037 1346
1036 1347
1034 1347
1032 1349
1032 1351
1029 1354
1027 1354
1027 1355
1026 1356
1025 1356
1026 1357
1024 1359
1023 1359
1022 1360
1022 1361
1021 1362
1021 1363
1020 1364
1018 1364
1016 1362
1016 1359
1015 1358
1015 1357
1014 1356
1014 1355
1013 1354
1013 1352
1012 1351
1012 1349
1010 1347
1010 1345
1009 1344
1009 1343
1008 1342
1008 1340
1007 1339
1007 1337
1005 1335
1005 1331
1004 1330
1004 1329
1003 1328
1003 1326
1002 1325
1002 1324
1001 1323
1001 1322
1000 1321
1000 1320
998 1318
998 1315
997 1314
997 1311
996 1310
996 1308
995 1307
995 1306
994 1305
994 1304
993 1303
993 1302
992 1301
992 1300
991 1299
991 1298
990 1297
990 1296
989 1295
989 1293
988 1292
988 1290
987 1289
987 1284
986 1283
986 1282
985 1281
985 1280
984 1279
984 1278
983 1277
983 1276
981 1274
981 1271
980 1270
980 1268
979 1267
979 1264
978 1263
978 1261
977 1260
977 1258
976 1257
976 1256
975 1255
975 1252
974 1251
974 1250
973 1249
973 1246
972 1245
972 1244
971 1243
971 1242
970 1241
970 1240
969 1239
969 1236
968 1235
968 1234
967 1233
967 1232
965 1230
965 1229
964 1228
964 1227
963 1226
963 1225
961 1223
961 1222
959 1220
959 1219
958 1218
958 1216
957 1215
957 1214
956 1213
956 1211
955 1210
955 1209
954 1208
954 1207
953 1206
953 1205
952 1204
952 1203
950 1201
950 1199
949 1198
949 1195
948 1194
948 1193
947 1192
947 1191
946 1190
946 1189
944 1187
944 1184
942 1182
942 1181
941 1180
941 1179
940 1178
940 1177
936 1173
936 1171
935 1170
935 1169
934 1168
934 1167
933 1166
933 1165
932 1164
932 1163
931 1162
931 1161
930 1160
930 1157
929 1156
929 1152
928 1151
928 1149
927 1148
927 1147
926 1146
926 1144
925 1143
925 1142
924 1141
924 1140
923 1139
923 1137
922 1136
922 1135
919 1132
919 1128
917 1126
917 1125
916 1124
916 1123
915 1122
915 1118
914 1117
914 1116
913 1115
913 1114
911 1112
911 1111
910 1110
910 1109
909 1108
909 1098
908 1097
908 1096
907 1095
907 1092
906 1091
906 1089
905 1088
905 1085
904 1084
904 1082
903 1081
903 1078
902 1077
902 1076
901 1075
901 1073
900 1072
900 1071
899 1070
899 1068
898 1067
898 1066
897 1065
897 1064
896 1063
896 1061
895 1060
895 1059
894 1058
894 1057
893 1056
893 1054
891 1052
891 1051
890 1050
890 1049
889 1048
889 1044
888 1043
888 1040
887 1039
887 1035
886 1034
886 1032
885 1031
885 1028
884 1027
884 1025
883 1024
883 1022
882 1021
882 1019
881 1018
881 1017
880 1016
880 1014
879 1013
879 1011
878 1010
878 1008
877 1007
877 1006
876 1005
876 1004
875 1003
875 1002
873 1000
873 996
872 995
872 991
870 989
870 986
869 985
869 983
868 982
868 977
867 976
867 975
866 974
866 972
865 971
865 970
864 969
864 966
863 965
863 964
862 963
862 962
860 960
861 959
860 958
860 951
859 950
859 947
858 946
858 943
857 942
857 939
856 938
856 933
855 932
855 929
854 928
854 920
853 919
853 915
852 914
852 912
851 911
851 909
850 908
850 903
849 902
849 897
848 896
848 891
847 890
847 888
846 887
846 881
845 880
845 876
844 875
844 871
843 870
843 869
842 868
842 865
840 863
840 860
839 859
839 856
838 855
838 854
837 853
837 849
836 848
836 846
835 845
835 843
834 842
834 838
833 837
833 835
832 834
832 833
831 832
831 831
830 830
830 829
829 828
829 824
828 823
828 822
827 821
827 819
826 818
826 817
825 816
825 814
819 808
819 807
818 807
817 806
817 805
816 805
815 804
813 804
811 806
810 806
809 805
807 805
805 807
804 806
803 806
802 807
802 809
801 810
797 810
797 811
796 812
795 812
794 813
793 813
793 815
792 816
791 816
790 817
789 816
787 818
784 818
784 819
783 820
782 820
781 819
781 818
779 818
778 817
777 817
776 818
775 818
774 819
774 820
773 821
772 821
771 822
771 826
769 828
767 828
767 831
766 832
766 833
765 834
764 833
764 831
763 831
762 832
761 832
759 830
759 829
757 827
757 826
756 825
755 826
753 826
749 830
749 831
748 832
747 832
747 833
746 834
746 839
745 840
736 831
736 830
735 829
735 828
733 826
733 825
732 824
732 821
731 820
731 816
730 815
730 812
729 811
729 805
728 804
728 801
727 800
727 798
726 797
726 795
725 794
725 788
724 787
724 785
723 784
723 778
722 777
722 775
721 774
721 771
720 770
720 769
719 768
719 764
718 763
718 762
717 761
717 759
716 758
716 757
714 755
714 753
713 752
713 751
711 749
711 748
709 746
709 745
708 744
708 742
705 739
705 735
704 734
704 730
703 729
703 728
702 727
702 725
701 724
701 723
700 722
700 720
695 715
695 713
694 712
694 710
692 708
692 705
690 703
690 702
687 699
687 698
686 697
686 696
683 693
683 692
680 689
680 688
679 687
679 686
678 685
678 684
677 683
677 680
676 679
676 678
675 677
675 676
674 675
674 674
673 673
673 672
671 670
671 669
670 668
670 667
666 663
666 657
665 657
664 656
664 654
663 653
663 652
662 651
662 649
659 646
659 645
658 644
658 643
653 638
653 637
650 634
650 633
649 632
648 632
647 631
647 630
645 628
645 627
644 626
643 626
641 624
638 624
636 622
636 621
634 621
634 622
633 623
632 623
626 617
626 616
622 612
622 611
621 611
619 609
618 609
617 608
616 608
611 603
610 603
607 600
606 600
604 598
602 598
601 597
600 598
598 598
597 597
597 596
595 596
593 594
592 594
590 592
590 591
587 588
585 588
578 581
578 580
575 577
574 577
571 580
570 580
568 578
567 578
566 577
565 577
563 575
561 575
560 576
557 576
556 577
554 575
553 575
552 574
553 573
551 575
550 575
548 573
547 573
546 572

