520 622
516 626
515 626
515 627
514 628
514 629
513 630
512 630
493 649
492 649
485 656
485 657
484 658
484 659
485 660
481 664
478 664
477 665
477 666
476 667
476 668
474 670
474 671
472 673
472 674
471 675
471 676
469 678
469 679
468 680
468 684
464 688
464 689
463 690
463 691
462 692
462 695
461 696
461 701
460 702
460 707
459 708
459 709
460 710
460 711
459 712
459 724
458 725
458 730
457 731
457 732
456 733
456 737
458 739
458 745
457 746
457 763
455 765
453 765
452 766
451 766
450 767
448 767
444 771
443 770
443 769
442 768
439 768
435 772
435 774
434 775
434 777
433 778
433 785
431 787
428 787
426 789
426 790
423 793
423 796
422 797
422 799
423 800
422 801
422 804
420 806
419 805
417 805
415 803
414 803
409 798
409 797
408 796
406 796
405 797
403 797
403 801
402 802
401 801
400 801
399 802
398 802
397 803
396 803
395 802
394 802
393 803
393 804
392 805
391 805
388 808
388 809
387 810
387 811
388 812
388 814
389 815
388 816
389 817
389 826
388 827
388 831
389 832
389 834
388 835
388 837
387 838
387 844
385 846
385 851
384 852
384 853
383 854
383 865
382 866
382 869
381 870
381 871
378 874
378 875
377 876
376 876
375 877
375 878
374 879
374 882
373 883
373 884
372 885
372 886
371 887
371 888
369 890
368 890
367 891
367 892
366 893
366 896
365 897
365 901
364 902
364 906
362 908
362 911
361 912
361 915
362 916
362 919
361 920
361 930
360 931
360 933
359 934
359 935
358 936
357 936
357 937
356 938
355 938
355 939
351 943
351 945
348 948
347 948
347 949
346 950
346 952
344 954
344 955
341 958
340 958
339 959
338 959
337 960
335 960
334 961
333 961
329 965
328 965
326 967
326 968
325 969
325 970
324 971
323 971
320 974
320 976
319 977
319 978
318 979
318 982
316 984
314 984
312 986
310 986
309 987
309 989
308 990
308 991
307 992
307 994
306 995
306 998
304 1000
303 1000
302 1001
302 1002
301 1003
301 1005
300 1006
300 1012
299 1013
299 1017
298 1018
298 1019
297 1020
297 1023
296 1024
296 1026
295 1027
295 1029
294 1030
292 1030
291 1031
290 1031
289 1032
288 1032
289 1033
288 1034
288 1035
287 1036
287 1040
285 1042
282 1042
281 1043
280 1043
279 1044
279 1052
278 1053
278 1056
277 1057
277 1059
276 1060
276 1062
275 1063
275 1064
274 1065
275 1066
274 1067
274 1068
273 1069
274 1070
273 1071
273 1073
271 1075
271 1076
270 1077
270 1080
269 1081
269 1082
267 1084
266 1084
264 1086
263 1086
261 1088
260 1088
254 1094
253 1094
251 1096
251 1097
247 1101
246 1101
245 1102
244 1102
242 1104
241 1104
238 1107
237 1107
235 1109
234 1109
233 1110
232 1110
231 1111
228 1111
227 1112
226 1112
225 1113
222 1113
220 1115
219 1115
216 1118
215 1118
214 1119
212 1117
211 1117
210 1118
208 1118
207 1119
206 1119
203 1122
203 1123
201 1125
200 1125
199 1124
197 1124
196 1125
195 1125
195 1128
196 1129
192 1133
192 1135
191 1136
191 1142
190 1143
190 1146
189 1147
189 1155
186 1158
186 1159
182 1163
182 1164
180 1166
179 1166
177 1168
177 1169
172 1174
171 1174
167 1178
167 1180
166 1181
166 1183
163 1186
163 1187
162 1188
162 1194
160 1196
160 1197
159 1198
159 1199
157 1201
157 1205
156 1206
156 1213
155 1214
155 1215
154 1216
154 1227
153 1228
153 1230
154 1231
154 1233
153 1234
153 1238
152 1239
152 1243
153 1244
151 1246
151 1247
152 1248
151 1249
151 1257
150 1258
150 1266
149 1267
149 1268
148 1269
148 1270
147 1271
146 1270
146 1269
145 1268
144 1268
143 1267
142 1267
141 1266
139 1266
138 1267
137 1267
134 1270
133 1270
133 1271
132 1272
131 1272
131 1273
130 1274
129 1274
129 1276
128 1277
127 1276
122 1281
120 1281
119 1282
119 1283
118 1284
116 1282
114 1282
113 1281
111 1281
111 1282
110 1283
108 1283
107 1284
107 1285
106 1286
105 1286
104 1287
103 1287
103 1288
102 1289
101 1288
100 1289
97 1289
96 1290
95 1290
95 1293
93 1295
93 1297
91 1299
90 1299
90 1300
89 1301
87 1301
85 1303
84 1303
84 1304
83 1305
82 1305
81 1306
80 1305
79 1305
78 1306
75 1306
74 1307
73 1307
72 1308
71 1308
68 1311
67 1311
66 1312
66 1313
65 1314
63 1314
63 1316
62 1317
52 1317
51 1316
42 1316
41 1315
31 1315
30 1316
26 1316
25 1317
17 1317
16 1318
12 1318
11 1319
6 1319
5 1320
2 1320
1 1321
0 1321
0 2399
1079 2399
1079 1124
1078 1123
1077 1123
1076 1122
1075 1122
1074 1121
1073 1121
1072 1120
1071 1120
1070 1119
1069 1119
1068 1118
1067 1118
1066 1117
1065 1117
1064 1116
1063 1116
1062 1115
1061 1115
1060 1114
1059 1114
1058 1113
1056 1113
1055 1112
1053 1112
1052 1111
1050 1111
1049 1110
1047 1110
1046 1109
1045 1109
1044 1108
1043 1108
1042 1107
1041 1107
1040 1106
1039 1106
1037 1104
1036 1104
1035 1103
1034 1103
1032 1101
1031 1101
1029 1099
1027 1099
1026 1098
1025 1098
1023 1096
1022 1096
1021 1095
1020 1095
1019 1094
1018 1094
1017 1093
1016 1093
1014 1091
1013 1091
1009 1087
1008 1087
1007 1086
1006 1086
1002 1082
1002 1081
1001 1081
1000 1080
1000 1076
999 1075
999 1074
998 1074
994 1070
993 1070
991 1068
990 1068
988 1066
987 1066
986 1065
984 1065
983 1064
982 1064
980 1062
979 1062
977 1060
976 1060
971 1055
971 1054
968 1051
966 1051
965 1050
963 1050
962 1049
960 1049
959 1048
958 1048
957 1047
956 1047
955 1046
954 1046
949 1041
948 1041
944 1037
937 1037
936 1038
935 1038
934 1039
933 1039
933 1041
928 1046
926 1044
925 1044
922 1041
922 1040
921 1040
920 1039
918 1039
918 1040
917 1041
916 1041
913 1038
912 1039
910 1039
910 1041
908 1043
906 1043
905 1042
904 1043
903 1042
903 1041
902 1040
902 1039
900 1037
900 1036
899 1035
899 1034
898 1034
896 1032
895 1032
890 1037
890 1038
889 1039
882 1032
882 1029
880 1027
880 1026
879 1026
878 1025
876 1025
874 1027
874 1028
872 1030
872 1032
871 1033
870 1032
870 1031
868 1029
867 1029
866 1028
866 1027
864 1025
864 1024
861 1021
861 1019
860 1018
860 1016
859 1016
858 1015
858 1013
856 1011
856 1009
855 1008
855 1007
854 1006
854 1005
853 1004
853 1003
850 1000
849 1000
848 999
847 999
846 998
846 997
844 995
844 994
839 989
839 985
838 984
838 983
836 983
832 979
832 976
825 969
821 969
820 970
816 970
815 969
813 969
812 968
809 968
808 967
806 967
803 964
803 963
791 951
791 950
790 949
790 945
789 944
789 940
790 939
790 934
788 932
788 928
789 927
789 920
790 919
790 914
791 913
791 912
792 911
792 907
791 906
791 905
790 904
790 903
789 902
789 901
790 900
789 899
789 897
787 895
787 894
785 892
785 890
784 889
784 888
783 887
783 886
781 886
779 884
779 881
778 881
777 880
777 876
776 875
776 874
774 872
774 871
773 870
773 868
771 866
771 864
765 858
765 857
764 856
764 855
763 854
763 853
762 852
762 851
758 847
758 843
757 842
757 840
755 838
755 837
754 837
753 836
753 834
752 833
752 824
750 822
750 821
747 818
747 817
746 816
746 813
745 812
745 811
743 809
743 808
742 807
742 806
740 804
740 802
739 801
739 800
738 799
738 798
737 797
737 795
736 794
736 793
735 792
735 791
732 788
732 787
731 786
731 785
729 783
729 782
728 781
728 780
724 776
724 774
723 773
723 772
722 771
722 770
721 769
721 768
720 767
720 766
717 763
717 762
713 758
713 757
711 755
711 753
709 751
709 750
708 749
708 748
706 746
706 745
705 744
705 743
704 742
704 741
700 737
700 736
698 734
698 733
697 733
694 730
693 730
692 729
690 729
689 728
686 728
685 727
682 727
671 716
670 716
665 711
664 711
663 710
662 710
661 709
660 709
656 705
654 705
650 701
650 700
649 699
649 698
643 692
643 690
641 688
641 687
639 685
639 684
636 681
635 681
632 678
630 678
628 676
627 676
620 669
619 669
614 664
613 664
606 657
605 657
604 656
604 655
603 655
601 653
600 653
596 649
595 649
584 638
584 637
579 632
579 631
577 629
572 629
571 628
562 628
561 627
556 627
555 626
548 626
547 625
545 625
544 624
530 624
529 623
524 623
523 622

