592 897
591 898
588 898
587 899
583 899
582 900
581 899
579 899
578 900
572 900
571 901
569 901
568 900
561 900
560 901
559 901
558 902
551 902
550 903
542 903
541 904
532 904
531 905
523 905
522 906
515 906
514 907
512 907
511 908
510 908
509 909
506 909
505 910
501 910
500 911
499 911
498 912
496 912
494 914
493 914
492 915
491 915
490 916
489 916
487 918
487 919
484 922
482 922
479 925
478 925
477 926
476 926
475 927
474 927
473 928
472 927
470 927
469 928
467 928
465 930
463 928
460 928
458 930
457 930
455 932
453 932
452 933
448 933
447 934
446 934
445 935
444 935
442 937
441 937
440 938
440 942
437 945
437 946
436 947
436 950
435 951
435 953
434 954
434 955
433 956
433 959
432 960
432 963
431 964
431 968
430 969
430 970
431 971
430 972
431 973
430 974
429 974
428 975
428 978
429 979
429 981
430 981
431 982
431 983
433 985
433 987
434 988
434 990
435 991
435 999
436 1000
436 1003
437 1004
437 1007
438 1008
438 1009
437 1010
437 1011
436 1012
436 1013
437 1014
437 1015
438 1016
438 1017
439 1017
440 1018
440 1019
441 1020
440 1021
440 1023
441 1024
441 1025
442 1025
443 1026
443 1030
444 1031
444 1033
445 1034
445 1039
447 1041
447 1043
448 1044
448 1047
449 1046
450 1047
450 1050
451 1051
451 1054
452 1055
452 1057
453 1058
453 1062
454 1063
454 1065
453 1066
453 1067
454 1068
454 1080
455 1081
455 1085
454 1086
454 1087
455 1088
455 1093
456 1094
456 1097
455 1098
455 1100
454 1101
454 1110
453 1111
453 1120
454 1121
454 1122
453 1123
453 1124
452 1125
451 1124
452 1125
452 1127
450 1129
449 1129
449 1132
448 1133
448 1134
449 1135
449 1133
450 1132
451 1133
451 1140
450 1141
449 1141
448 1142
449 1143
448 1144
449 1144
450 1145
449 1146
450 1147
449 1148
448 1148
448 1149
447 1150
448 1150
449 1149
450 1150
450 1149
449 1148
450 1147
451 1147
452 1148
452 1153
451 1154
450 1153
447 1153
447 1154
448 1153
449 1154
449 1160
448 1161
447 1161
447 1162
448 1163
448 1164
449 1165
449 1163
450 1162
451 1163
451 1167
449 1169
449 1170
450 1169
451 1170
451 1173
452 1174
452 1175
453 1175
454 1176
454 1178
455 1179
455 1180
454 1181
454 1188
455 1189
454 1190
454 1203
453 1204
453 1210
454 1211
454 1214
452 1216
452 1217
451 1218
451 1220
450 1221
450 1222
449 1223
449 1225
448 1226
448 1228
447 1229
447 1232
446 1233
446 1236
443 1239
443 1243
442 1244
442 1245
440 1247
438 1245
436 1245
435 1244
435 1242
434 1242
431 1239
430 1239
428 1237
427 1237
423 1233
421 1233
420 1232
419 1232
417 1230
416 1230
415 1229
414 1229
413 1228
412 1228
410 1226
409 1226
407 1224
406 1224
405 1223
404 1223
403 1222
402 1222
401 1221
398 1221
397 1220
396 1220
395 1219
394 1219
392 1217
390 1217
389 1216
388 1216
387 1215
385 1215
384 1214
382 1214
380 1212
377 1212
376 1211
375 1211
374 1210
373 1210
372 1209
370 1209
368 1207
367 1207
365 1205
364 1205
362 1203
361 1203
360 1202
359 1202
358 1201
357 1201
354 1198
353 1198
352 1197
351 1197
349 1195
348 1195
346 1193
345 1193
344 1192
343 1192
341 1190
340 1190
339 1189
336 1189
335 1188
331 1188
330 1187
328 1187
327 1186
323 1186
322 1185
318 1185
317 1184
315 1184
314 1183
311 1183
310 1182
306 1182
305 1181
297 1181
296 1182
293 1182
292 1183
290 1183
289 1184
286 1184
285 1185
280 1185
279 1186
274 1186
273 1187
267 1187
266 1188
261 1188
260 1189
254 1189
253 1190
248 1190
247 1191
243 1191
242 1192
236 1192
235 1193
229 1193
228 1192
226 1192
224 1190
222 1190
221 1189
209 1189
208 1190
204 1190
203 1191
201 1191
200 1192
198 1192
197 1191
196 1191
195 1190
193 1190
192 1189
191 1189
190 1190
189 1190
188 1189
187 1189
186 1190
185 1189
183 1189
182 1190
164 1190
163 1191
148 1191
147 1190
145 1190
144 1189
143 1189
142 1188
138 1188
137 1187
136 1187
135 1186
134 1186
133 1185
132 1186
131 1185
122 1185
121 1184
118 1184
117 1183
116 1183
115 1182
114 1182
113 1181
112 1181
111 1180
108 1180
107 1179
105 1179
104 1178
99 1178
98 1177
87 1177
86 1176
83 1176
82 1175
75 1175
74 1174
73 1174
72 1173
70 1173
69 1172
65 1172
64 1171
58 1171
57 1170
55 1170
54 1169
49 1169
48 1168
44 1168
41 1165
40 1165
39 1166
35 1166
34 1165
29 1165
28 1164
26 1164
25 1163
23 1163
22 1162
20 1162
19 1161
15 1161
14 1160
12 1160
11 1159
8 1159
7 1158
5 1158
4 1157
3 1157
2 1156
0 1156
0 2399
1079 2399
1079 957
1076 957
1075 956
1064 956
1063 957
1062 956
1061 956
1060 955
1059 955
1058 956
1054 956
1053 955
1051 955
1050 954
1044 954
1043 953
1040 953
1039 952
1038 952
1037 951
1036 951
1035 950
1033 950
1032 951
1031 951
1030 952
1029 951
1025 951
1023 949
1011 949
1010 948
1009 948
1007 946
1003 946
1002 947
1001 946
998 946
997 945
994 945
993 944
991 944
990 943
983 943
982 942
979 942
978 941
975 941
974 940
973 940
972 939
971 939
970 938
968 938
967 937
965 937
964 936
954 936
953 935
951 935
950 934
943 934
942 933
939 933
938 932
935 932
934 931
932 931
931 930
930 930
929 931
928 931
927 930
924 930
923 929
921 929
920 930
919 929
918 929
917 928
915 928
914 927
913 928
912 927
911 927
910 926
907 926
906 925
902 925
901 924
894 924
893 923
888 923
887 922
877 922
876 921
875 921
874 920
872 920
871 919
870 919
869 918
866 918
865 917
860 917
859 916
855 916
854 915
848 915
847 914
845 914
844 915
842 915
841 914
838 914
837 913
832 913
831 912
825 912
824 911
816 911
815 910
811 910
810 909
805 909
804 908
799 908
798 907
793 907
792 906
791 906
790 907
789 906
784 906
783 905
778 905
777 904
774 904
773 905
772 904
771 905
770 905
769 904
767 904
766 903
765 903
764 902
761 902
760 901
753 901
752 900
749 900
748 901
747 900
743 900
742 901
741 901
740 900
719 900
718 899
686 899
685 898
677 898
676 897
651 897
650 898
637 898
636 897
629 897
628 898
625 898
624 899
621 899
620 898
618 898
617 897

