anode_ocv_table_start
4=col
0x5dc219b2=crc
0.8023000000, 0.7710000000, 0.7381000000, 0.7096000000
0.6804000000, 0.6553000000, 0.6299000000, 0.6082000000
0.5859000000, 0.5667000000, 0.5481000000, 0.5285000000
0.5109000000, 0.4920000000, 0.4746000000, 0.4560000000
0.4402000000, 0.4234000000, 0.4092000000, 0.3949000000
0.3822000000, 0.3704000000, 0.3577000000, 0.3469000000
0.3348000000, 0.3242000000, 0.3121000000, 0.3025000000
0.2938000000, 0.2873000000, 0.2827000000, 0.2777000000
0.2743000000, 0.2706000000, 0.2669000000, 0.2625000000
0.2585000000, 0.2535000000, 0.2492000000, 0.2442000000
0.2408000000, 0.2371000000, 0.2337000000, 0.2306000000
0.2278000000, 0.2256000000, 0.2229000000, 0.2207000000
0.2185000000, 0.2170000000, 0.2151000000, 0.2132000000
0.2117000000, 0.2101000000, 0.2089000000, 0.2074000000
0.2061000000, 0.2049000000, 0.2039000000, 0.2027000000
0.2015000000, 0.2005000000, 0.1990000000, 0.1977000000
0.1965000000, 0.1956000000, 0.1943000000, 0.1928000000
0.1909000000, 0.1894000000, 0.1878000000, 0.1866000000
0.1853000000, 0.1832000000, 0.1819000000, 0.1804000000
0.1791000000, 0.1779000000, 0.1773000000, 0.1767000000
0.1770000000, 0.1770000000, 0.1764000000, 0.1748000000
0.1742000000, 0.1739000000, 0.1739000000, 0.1736000000
0.1742000000, 0.1745000000, 0.1751000000, 0.1767000000
0.1776000000, 0.1788000000, 0.1798000000, 0.1804000000
0.1804000000, 0.1788000000, 0.1739000000, 0.1615000000
0.1109000000, 0.8017000000, 0.7651000000, 0.7328000000
0.7028000000, 0.6758000000, 0.6470000000, 0.6197000000
0.5952000000, 0.5710000000, 0.5496000000, 0.5307000000
0.5121000000, 0.4944000000, 0.4765000000, 0.4600000000
0.4433000000, 0.4259000000, 0.4117000000, 0.3965000000
0.3807000000, 0.3676000000, 0.3537000000, 0.3435000000
0.3320000000, 0.3227000000, 0.3118000000, 0.3028000000
0.2942000000, 0.2842000000, 0.2752000000, 0.2675000000
0.2591000000, 0.2523000000, 0.2477000000, 0.2436000000
0.2402000000, 0.2365000000, 0.2331000000, 0.2281000000
0.2225000000, 0.2170000000, 0.2123000000, 0.2070000000
0.2030000000, 0.1990000000, 0.1946000000, 0.1919000000
0.1888000000, 0.1860000000, 0.1829000000, 0.1810000000
0.1782000000, 0.1760000000, 0.1745000000, 0.1729000000
0.1705000000, 0.1689000000, 0.1680000000, 0.1664000000
0.1652000000, 0.1640000000, 0.1621000000, 0.1609000000
0.1602000000, 0.1590000000, 0.1578000000, 0.1565000000
0.1546000000, 0.1534000000, 0.1522000000, 0.1503000000
0.1491000000, 0.1469000000, 0.1450000000, 0.1435000000
0.1410000000, 0.1391000000, 0.1373000000, 0.1360000000
0.1348000000, 0.1336000000, 0.1323000000, 0.1314000000
0.1305000000, 0.1298000000, 0.1292000000, 0.1286000000
0.1286000000, 0.1277000000, 0.1283000000, 0.1277000000
0.1280000000, 0.1280000000, 0.1274000000, 0.1274000000
0.1264000000, 0.1246000000, 0.1209000000, 0.1137000000
0.0967000000, 0.0440000000, 0.8004000000, 0.7604000000
0.7248000000, 0.6938000000, 0.6671000000, 0.6374000000
0.6116000000, 0.5865000000, 0.5623000000, 0.5385000000
0.5183000000, 0.4997000000, 0.4799000000, 0.4634000000
0.4473000000, 0.4299000000, 0.4141000000, 0.3986000000
0.3813000000, 0.3661000000, 0.3521000000, 0.3391000000
0.3258000000, 0.3152000000, 0.3044000000, 0.2938000000
0.2849000000, 0.2765000000, 0.2650000000, 0.2526000000
0.2439000000, 0.2387000000, 0.2356000000, 0.2325000000
0.2300000000, 0.2260000000, 0.2198000000, 0.2129000000
0.2058000000, 0.1999000000, 0.1943000000, 0.1888000000
0.1841000000, 0.1807000000, 0.1767000000, 0.1733000000
0.1702000000, 0.1671000000, 0.1646000000, 0.1624000000
0.1602000000, 0.1584000000, 0.1571000000, 0.1553000000
0.1540000000, 0.1528000000, 0.1519000000, 0.1506000000
0.1500000000, 0.1488000000, 0.1481000000, 0.1466000000
0.1460000000, 0.1450000000, 0.1438000000, 0.1426000000
0.1413000000, 0.1391000000, 0.1370000000, 0.1348000000
0.1317000000, 0.1289000000, 0.1271000000, 0.1246000000
0.1224000000, 0.1209000000, 0.1193000000, 0.1184000000
0.1174000000, 0.1168000000, 0.1156000000, 0.1150000000
0.1143000000, 0.1137000000, 0.1131000000, 0.1128000000
0.1122000000, 0.1119000000, 0.1116000000, 0.1109000000
0.1106000000, 0.1103000000, 0.1097000000, 0.1091000000
0.1085000000, 0.1069000000, 0.1044000000, 0.0995000000
0.0895000000, 0.0691000000, 0.0266000000, 0.8007000000
0.7567000000, 0.7195000000, 0.6901000000, 0.6606000000
0.6352000000, 0.6104000000, 0.5834000000, 0.5598000000
0.5360000000, 0.5158000000, 0.4969000000, 0.4777000000
0.4613000000, 0.4439000000, 0.4284000000, 0.4132000000
0.3965000000, 0.3813000000, 0.3648000000, 0.3503000000
0.3373000000, 0.3239000000, 0.3128000000, 0.3013000000
0.2917000000, 0.2824000000, 0.2731000000, 0.2647000000
0.2526000000, 0.2421000000, 0.2365000000, 0.2328000000
0.2303000000, 0.2278000000, 0.2247000000, 0.2188000000
0.2111000000, 0.2049000000, 0.1981000000, 0.1919000000
0.1863000000, 0.1819000000, 0.1779000000, 0.1739000000
0.1702000000, 0.1671000000, 0.1630000000, 0.1602000000
0.1578000000, 0.1553000000, 0.1534000000, 0.1515000000
0.1503000000, 0.1491000000, 0.1475000000, 0.1469000000
0.1457000000, 0.1450000000, 0.1444000000, 0.1435000000
0.1429000000, 0.1422000000, 0.1410000000, 0.1398000000
0.1388000000, 0.1379000000, 0.1364000000, 0.1348000000
0.1326000000, 0.1302000000, 0.1277000000, 0.1252000000
0.1227000000, 0.1205000000, 0.1190000000, 0.1174000000
0.1165000000, 0.1150000000, 0.1140000000, 0.1134000000
0.1125000000, 0.1119000000, 0.1112000000, 0.1106000000
0.1103000000, 0.1097000000, 0.1091000000, 0.1088000000
0.1078000000, 0.1072000000, 0.1069000000, 0.1060000000
0.1054000000, 0.1044000000, 0.1029000000, 0.1007000000
0.0948000000, 0.0843000000, 0.0638000000, 0.0223000000
anode_ocv_table_end
weight_table_start
4=col
0xed8a9c7e=crc
0.6093096417, 0.6161765443, 0.6202277881, 0.6214633731
0.6198832994, 0.6156791001, 0.6082012332, 0.5966504158
0.5835957558, 0.5693684041, 0.5533355914, 0.5405579914
0.5273764700, 0.5161725242, 0.5119838360, 0.5125895095
0.5157048369, 0.5189087826, 0.5197138587, 0.5156035682
0.5055865650, 0.4979885235, 0.4897931758, 0.4811821727
0.4723874456, 0.4636833762, 0.4554434331, 0.4468173794
0.4372537358, 0.4273862471, 0.4179383080, 0.4095755474
0.4029622463, 0.3985561018, 0.3951572114, 0.3912657906
0.3870486156, 0.3825189574, 0.3775854796, 0.3726117287
0.3682323838, 0.3644790599, 0.3611179920, 0.3581570197
0.3555953580, 0.3532368089, 0.3511401309, 0.3494841188
0.3483727057, 0.3477124869, 0.3473477135, 0.3406018543
0.3441704782, 0.3592529465, 0.3813457509, 0.4057472623
0.4273566099, 0.4405679866, 0.4398056216, 0.4333025449
0.4313358690, 0.4302762150, 0.4308890401, 0.4332294433
0.4364712866, 0.4390845437, 0.4398972218, 0.4387674560
0.4362355793, 0.4332806041, 0.4310394141, 0.4303890202
0.4315133577, 0.4338800714, 0.4369543537, 0.4405007665
0.4443154719, 0.4483546247, 0.4525685407, 0.4568799605
0.4612129949, 0.4654752039, 0.4694358892, 0.4732084235
0.4768295520, 0.4804139358, 0.4840248856, 0.4877356399
0.4915128524, 0.4952421148, 0.4989147147, 0.5026141502
0.5063135856, 0.5100130210, 0.5137124565, 0.5174118919
0.5211113273, 0.5248107628, 0.5285101982, 0.5322096337
0.5359090691, 0.6306166405, 0.6332246802, 0.6319386046
0.6267584137, 0.6176841076, 0.6015468546, 0.5851433870
0.5692033466, 0.5545467950, 0.5412268724, 0.5286282240
0.5160455553, 0.5027006862, 0.4886665926, 0.4792081907
0.4723835864, 0.4671033772, 0.4623886998, 0.4572131146
0.4504480997, 0.4408360759, 0.4319688689, 0.4229527195
0.4133633094, 0.4034388568, 0.3934688385, 0.3837335796
0.3746299333, 0.3657177007, 0.3565031247, 0.3472218096
0.3383295837, 0.3302750999, 0.3236749675, 0.3189054257
0.3131024014, 0.3102541870, 0.3105660199, 0.3124881753
0.3144770417, 0.3155172884, 0.3148022304, 0.3109157670
0.3062363176, 0.3034763271, 0.3010370659, 0.2986692756
0.2963827842, 0.2943770151, 0.2929164016, 0.2921063129
0.2918409359, 0.2920459468, 0.2926153507, 0.2934652251
0.2944680933, 0.2916170150, 0.2941034088, 0.3027010539
0.3145560868, 0.3274990503, 0.3393619446, 0.3478797793
0.3504091411, 0.3503624136, 0.3539156015, 0.3560466974
0.3562465887, 0.3548485916, 0.3527873762, 0.3512406450
0.3513240456, 0.3535994457, 0.3575116202, 0.3605340216
0.3665860368, 0.3757733866, 0.3868408039, 0.3986538598
0.4100608095, 0.4198988101, 0.4269951571, 0.4334055439
0.4413657251, 0.4496515413, 0.4581559218, 0.4668211567
0.4755490556, 0.4843269620, 0.4930858483, 0.5018191826
0.5105659669, 0.5193272497, 0.5280804849, 0.5368240935
0.5455725517, 0.5543210100, 0.5630694682, 0.5718179264
0.5805663847, 0.5893148429, 0.6779635659, 0.6790957910
0.6764624020, 0.6700633988, 0.6598987816, 0.6439668005
0.6260198452, 0.6066882816, 0.5873221651, 0.5691638212
0.5525671177, 0.5374164742, 0.5235977157, 0.5108248978
0.4988894338, 0.4868103599, 0.4750002041, 0.4661785731
0.4597033535, 0.4546345294, 0.4500901491, 0.4447773194
0.4373851179, 0.4268911423, 0.4173574826, 0.4077664368
0.3982907050, 0.3893321384, 0.3811593808, 0.3731662515
0.3636534812, 0.3562943826, 0.3514994050, 0.3488717559
0.3483332723, 0.3488445260, 0.3482508618, 0.3446117208
0.3397134913, 0.3352455164, 0.3304499553, 0.3261195705
0.3227855669, 0.3200917735, 0.3177527010, 0.3160034915
0.3133704012, 0.3113334657, 0.3129538606, 0.3170198032
0.3225431688, 0.3282269596, 0.3328637425, 0.3350621034
0.3345345076, 0.3362584414, 0.3379902775, 0.3390484721
0.3390130722, 0.3382171728, 0.3375173827, 0.3376141025
0.3390668124, 0.3419167369, 0.3459067498, 0.3497811735
0.3521830126, 0.3530394736, 0.3547485493, 0.3571815328
0.3603720475, 0.3650146080, 0.3708844999, 0.3771218211
0.3822369012, 0.3895353148, 0.3968739843, 0.4051171711
0.4136015802, 0.4170081467, 0.4174388544, 0.4171301062
0.4186825859, 0.4234127804, 0.4331918709, 0.4487412142
0.4620108696, 0.4755004539, 0.4887859110, 0.5021102161
0.5151854820, 0.5283296752, 0.5413609331, 0.5545931639
0.5678176784, 0.5810553613, 0.5941843208, 0.6073668363
0.6205493519, 0.6337318674, 0.6469143830, 0.7145840776
0.7106834983, 0.7046095432, 0.6963622123, 0.6859415056
0.6727854952, 0.6579712464, 0.6411923922, 0.6230455561
0.6046249845, 0.5872237521, 0.5715982807, 0.5576281397
0.5449592035, 0.5332982116, 0.5223178318, 0.5116973623
0.5014751735, 0.4918876864, 0.4829227724, 0.4745612036
0.4664176712, 0.4578886111, 0.4471319748, 0.4371847515
0.4293139239, 0.4229856426, 0.4175522873, 0.4124752292
0.4068244171, 0.3984781816, 0.3882548582, 0.3791852725
0.3709219964, 0.3637631545, 0.3581230891, 0.3538833265
0.3494292920, 0.3427413830, 0.3378038882, 0.3357359384
0.3356129205, 0.3365383262, 0.3376380692, 0.3373346219
0.3344387913, 0.3302819007, 0.3278712167, 0.3254321566
0.3225707469, 0.3195945706, 0.3167133837, 0.3141182905
0.3120875347, 0.3108138458, 0.3103214797, 0.3098070454
0.3072866823, 0.3059423544, 0.3061835643, 0.3081354671
0.3116021645, 0.3164144771, 0.3214438180, 0.3249159018
0.3288097912, 0.3333040153, 0.3376291464, 0.3417138585
0.3424735253, 0.3402179848, 0.3369085252, 0.3342998142
0.3344907345, 0.3384217245, 0.3460583985, 0.3552889570
0.3665851169, 0.3772224647, 0.3809504510, 0.3815367437
0.3813609419, 0.3829927484, 0.3892950354, 0.4024393936
0.4232898695, 0.4407105320, 0.4586338154, 0.4766904978
0.4944970512, 0.5120282216, 0.5295326173, 0.5471802050
0.5650504070, 0.5827251796, 0.6003747577, 0.6180545832
0.6357344088, 0.6534142343, 0.6710940598, 0.6887738853
weight_table_end
origin_ocv_table_start
4=col
0x110ae98e=crc
2.9997000000, 3.0400000000, 3.0778000000, 3.1125000000
3.1467000000, 3.1808000000, 3.2136000000, 3.2459000000
3.2750000000, 3.3029000000, 3.3277000000, 3.3525000000
3.3767000000, 3.4002000000, 3.4219000000, 3.4443000000
3.4647000000, 3.4864000000, 3.5057000000, 3.5255000000
3.5435000000, 3.5615000000, 3.5763000000, 3.5900000000
3.6042000000, 3.6173000000, 3.6303000000, 3.6433000000
3.6594000000, 3.6817000000, 3.6954000000, 3.7034000000
3.7103000000, 3.7171000000, 3.7239000000, 3.7326000000
3.7450000000, 3.7568000000, 3.7686000000, 3.7803000000
3.7927000000, 3.8039000000, 3.8138000000, 3.8244000000
3.8343000000, 3.8448000000, 3.8541000000, 3.8628000000
3.8727000000, 3.8814000000, 3.8888000000, 3.8957000000
3.9043000000, 3.9136000000, 3.9217000000, 3.9304000000
3.9391000000, 3.9484000000, 3.9577000000, 3.9670000000
3.9769000000, 3.9868000000, 3.9973000000, 4.0073000000
4.0184000000, 4.0302000000, 4.0426000000, 4.0562000000
4.0699000000, 4.0848000000, 4.1003000000, 4.1152000000
4.1288000000, 4.1424000000, 4.1561000000, 4.1691000000
4.1821000000, 4.1945000000, 4.2063000000, 4.2187000000
4.2311000000, 4.2429000000, 4.2547000000, 4.2664000000
4.2782000000, 4.2888000000, 4.2993000000, 4.3098000000
4.3204000000, 4.3297000000, 4.3396000000, 4.3495000000
4.3582000000, 4.3681000000, 4.3774000000, 4.3861000000
4.3954000000, 4.4060000000, 4.4171000000, 4.4345000000
4.4642000000, 2.9997000000, 3.0524000000, 3.0964000000
3.1327666667, 3.1657000000, 3.1964666667, 3.2256000000
3.2545666667, 3.2820000000, 3.3083000000, 3.3335000000
3.3579000000, 3.3804333333, 3.4018666667, 3.4215000000
3.4409666667, 3.4597666667, 3.4786000000, 3.4969666667
3.5151666667, 3.5331666667, 3.5511666667, 3.5672333333
3.5829333333, 3.5980000000, 3.6119000000, 3.6257666667
3.6391666667, 3.6528000000, 3.6689000000, 3.6826000000
3.6984666667, 3.7098333333, 3.7179000000, 3.7243000000
3.7317333333, 3.7400000000, 3.7510000000, 3.7636000000
3.7753666667, 3.7873666667, 3.7997666667, 3.8109333333
3.8214666667, 3.8313666667, 3.8423333333, 3.8533000000
3.8632000000, 3.8739666667, 3.8838666667, 3.8929333333
3.9014333333, 3.9105000000, 3.9190000000, 3.9279000000
3.9362000000, 3.9453000000, 3.9546000000, 3.9639000000
3.9736000000, 3.9831000000, 3.9930000000, 4.0035000000
4.0139000000, 4.0250000000, 4.0368000000, 4.0492000000
4.0636666667, 4.0798333333, 4.0963333333, 4.1118333333
4.1263333333, 4.1399333333, 4.1532000000, 4.1664333333
4.1790333333, 4.1916333333, 4.2044333333, 4.2166333333
4.2290333333, 4.2414333333, 4.2532333333, 4.2650333333
4.2767333333, 4.2885333333, 4.2991333333, 4.3104333333
4.3210000000, 4.3311333333, 4.3412333333, 4.3516000000
4.3611000000, 4.3706000000, 4.3801000000, 4.3890000000
4.3985000000, 4.4078000000, 4.4184000000, 4.4307666667
4.4481000000, 4.4786666667, 2.9997000000, 3.0604500000
3.1089500000, 3.1469500000, 3.1790750000, 3.2078750000
3.2348500000, 3.2618500000, 3.2878250000, 3.3133250000
3.3382500000, 3.3623000000, 3.3838500000, 3.4044000000
3.4230000000, 3.4410000000, 3.4588500000, 3.4762500000
3.4938500000, 3.5112500000, 3.5290750000, 3.5469250000
3.5637750000, 3.5803500000, 3.5958500000, 3.6102750000
3.6244250000, 3.6380250000, 3.6504250000, 3.6632750000
3.6765000000, 3.6946000000, 3.7093000000, 3.7184500000
3.7249750000, 3.7317750000, 3.7379750000, 3.7479500000
3.7604750000, 3.7722750000, 3.7842250000, 3.7970750000
3.8091750000, 3.8198500000, 3.8299000000, 3.8409500000
3.8527500000, 3.8634000000, 3.8747500000, 3.8858750000
3.8968750000, 3.9069500000, 3.9162500000, 3.9246500000
3.9339500000, 3.9422000000, 3.9515000000, 3.9609500000
3.9702500000, 3.9801500000, 3.9897500000, 3.9996750000
4.0101750000, 4.0209250000, 4.0318750000, 4.0436750000
4.0560750000, 4.0708250000, 4.0882000000, 4.1059750000
4.1219500000, 4.1364000000, 4.1497000000, 4.1627750000
4.1757750000, 4.1881750000, 4.2007250000, 4.2135750000
4.2259750000, 4.2383750000, 4.2507750000, 4.2625750000
4.2745250000, 4.2859500000, 4.2977250000, 4.3084750000
4.3200500000, 4.3306250000, 4.3406750000, 4.3510500000
4.3613250000, 4.3707750000, 4.3805250000, 4.3896750000
4.3983750000, 4.4079500000, 4.4172500000, 4.4280000000
4.4410000000, 4.4584750000, 4.4893250000, 2.9997000000
3.0641500000, 3.1154500000, 3.1550500000, 3.1868250000
3.2150250000, 3.2413500000, 3.2677500000, 3.2924750000
3.3179750000, 3.3419500000, 3.3657000000, 3.3869500000
3.4078000000, 3.4264000000, 3.4444000000, 3.4619500000
3.4793500000, 3.4963500000, 3.5137500000, 3.5312250000
3.5487750000, 3.5659250000, 3.5822500000, 3.5977500000
3.6124250000, 3.6262750000, 3.6398750000, 3.6522750000
3.6648250000, 3.6771000000, 3.6918000000, 3.7087000000
3.7187500000, 3.7259250000, 3.7327250000, 3.7389250000
3.7476500000, 3.7592250000, 3.7710250000, 3.7832750000
3.7958250000, 3.8085250000, 3.8195500000, 3.8299000000
3.8406500000, 3.8524500000, 3.8634000000, 3.8750500000
3.8874250000, 3.9006250000, 3.9122500000, 3.9215500000
3.9305500000, 3.9398500000, 3.9484000000, 3.9577000000
3.9674500000, 3.9767500000, 3.9866500000, 3.9968500000
4.0068250000, 4.0173250000, 4.0283750000, 4.0390250000
4.0508250000, 4.0632250000, 4.0776750000, 4.0950000000
4.1137250000, 4.1306500000, 4.1454000000, 4.1581000000
4.1711250000, 4.1841250000, 4.1965250000, 4.2093750000
4.2219250000, 4.2343250000, 4.2467250000, 4.2591250000
4.2709250000, 4.2831750000, 4.2940500000, 4.3057750000
4.3168250000, 4.3281500000, 4.3386750000, 4.3490250000
4.3591500000, 4.3687750000, 4.3785250000, 4.3879750000
4.3968250000, 4.4055250000, 4.4144500000, 4.4237500000
4.4348000000, 4.4478000000, 4.4656250000, 4.4961750000
origin_ocv_table_end
temp_break_points_table_start
4=col
0x57b4fd9b=crc
10.0, 20.0, 30.0, 40.0
temp_break_points_table_end
max_limit_list_table_start
12=col
0xa01ad6bf=crc
4.6, 46.0, 4.0, 1.0, 0.0, 0.0, 0.0, 0.0, 11.4, 10.9, 10.9, 10.9
max_limit_list_table_end
min_limit_list_table_start
12=col
0x4de62c54=crc
2.9, 19.0, 0.5, 0.0, 0.0, 0.0, 0.0, 0.0, -11.4, 1.0, 1.0, 1.0
min_limit_list_table_end
initial_charge_current_table_start
6=col
0x0=crc
0.0, 0.0, 0.0, 0.0, 0.0, 0.0
initial_charge_current_table_end
max_voltage_table_start
4=col
0x727d41fe=crc
4.45, 4.50, 4.55, 4.57
max_voltage_table_end
controller_parameters_table_start
4=col
0xac0896cc=crc
3.0, 3.0, 6.0, 6.0
controller_parameters_table_end
soc_bp_3_table_start
4=col
0x9186b1f2=crc
0.00, 0.33, 0.80, 1.00
soc_bp_3_table_end
battery_property_table_start
4=col
0x75160833=crc
2, 2, 1, 2
battery_property_table_end
cathode_ocv_table_start
4=col
0x8d1eed3b=crc
3.8020000000, 3.8110000000, 3.8159000000, 3.8221000000
3.8271000000, 3.8361000000, 3.8435000000, 3.8541000000
3.8609000000, 3.8696000000, 3.8758000000, 3.8810000000
3.8876000000, 3.8922000000, 3.8965000000, 3.9003000000
3.9049000000, 3.9098000000, 3.9149000000, 3.9204000000
3.9257000000, 3.9319000000, 3.9340000000, 3.9369000000
3.9390000000, 3.9415000000, 3.9424000000, 3.9458000000
3.9532000000, 3.9690000000, 3.9781000000, 3.9811000000
3.9846000000, 3.9877000000, 3.9908000000, 3.9951000000
4.0035000000, 4.0103000000, 4.0178000000, 4.0245000000
4.0335000000, 4.0410000000, 4.0475000000, 4.0550000000
4.0621000000, 4.0704000000, 4.0770000000, 4.0835000000
4.0912000000, 4.0984000000, 4.1039000000, 4.1089000000
4.1160000000, 4.1237000000, 4.1306000000, 4.1378000000
4.1452000000, 4.1533000000, 4.1616000000, 4.1697000000
4.1784000000, 4.1873000000, 4.1963000000, 4.2050000000
4.2149000000, 4.2258000000, 4.2369000000, 4.2490000000
4.2608000000, 4.2742000000, 4.2881000000, 4.3018000000
4.3141000000, 4.3256000000, 4.3380000000, 4.3495000000
4.3612000000, 4.3724000000, 4.3836000000, 4.3954000000
4.4081000000, 4.4199000000, 4.4311000000, 4.4412000000
4.4524000000, 4.4627000000, 4.4732000000, 4.4834000000
4.4946000000, 4.5042000000, 4.5147000000, 4.5262000000
4.5358000000, 4.5469000000, 4.5572000000, 4.5665000000
4.5758000000, 4.5848000000, 4.5910000000, 4.5960000000
4.5751000000, 3.8014000000, 3.8175000000, 3.8292000000
3.8355666667, 3.8415000000, 3.8434666667, 3.8453000000
3.8497666667, 3.8530000000, 3.8579000000, 3.8642000000
3.8700000000, 3.8748333333, 3.8783666667, 3.8815000000
3.8842666667, 3.8856666667, 3.8903000000, 3.8934666667
3.8958666667, 3.9007666667, 3.9048666667, 3.9107333333
3.9149333333, 3.9207000000, 3.9237000000, 3.9285666667
3.9333666667, 3.9370000000, 3.9441000000, 3.9501000000
3.9575666667, 3.9621333333, 3.9656000000, 3.9679000000
3.9719333333, 3.9765000000, 3.9841000000, 3.9917000000
3.9978666667, 4.0043666667, 4.0120666667, 4.0179333333
4.0244666667, 4.0303666667, 4.0369333333, 4.0452000000
4.0520000000, 4.0599666667, 4.0667666667, 4.0739333333
4.0796333333, 4.0865000000, 4.0935000000, 4.1008000000
4.1067000000, 4.1142000000, 4.1226000000, 4.1303000000
4.1388000000, 4.1471000000, 4.1551000000, 4.1644000000
4.1741000000, 4.1840000000, 4.1946000000, 4.2057000000
4.2182666667, 4.2332333333, 4.2485333333, 4.2621333333
4.2754333333, 4.2868333333, 4.2982000000, 4.3099333333
4.3200333333, 4.3307333333, 4.3417333333, 4.3526333333
4.3638333333, 4.3750333333, 4.3855333333, 4.3964333333
4.4072333333, 4.4183333333, 4.4283333333, 4.4390333333
4.4496000000, 4.4588333333, 4.4695333333, 4.4793000000
4.4891000000, 4.4986000000, 4.5075000000, 4.5164000000
4.5249000000, 4.5324000000, 4.5393000000, 4.5444666667
4.5448000000, 4.5226666667, 3.8001000000, 3.8208500000
3.8337500000, 3.8407500000, 3.8461750000, 3.8452750000
3.8464500000, 3.8483500000, 3.8501250000, 3.8518250000
3.8565500000, 3.8620000000, 3.8637500000, 3.8678000000
3.8703000000, 3.8709000000, 3.8729500000, 3.8748500000
3.8751500000, 3.8773500000, 3.8811750000, 3.8860250000
3.8895750000, 3.8955500000, 3.9002500000, 3.9040750000
3.9093250000, 3.9145250000, 3.9154250000, 3.9158750000
3.9204000000, 3.9333000000, 3.9449000000, 3.9509500000
3.9549750000, 3.9577750000, 3.9577750000, 3.9608500000
3.9662750000, 3.9721750000, 3.9785250000, 3.9858750000
3.9932750000, 4.0005500000, 4.0066000000, 4.0142500000
4.0229500000, 4.0305000000, 4.0393500000, 4.0482750000
4.0570750000, 4.0653500000, 4.0733500000, 4.0799500000
4.0879500000, 4.0950000000, 4.1034000000, 4.1115500000
4.1202500000, 4.1289500000, 4.1378500000, 4.1462750000
4.1561750000, 4.1659250000, 4.1756750000, 4.1862750000
4.1973750000, 4.2099250000, 4.2252000000, 4.2407750000
4.2536500000, 4.2653000000, 4.2768000000, 4.2873750000
4.2981750000, 4.3090750000, 4.3200250000, 4.3319750000
4.3433750000, 4.3551750000, 4.3663750000, 4.3775750000
4.3888250000, 4.3996500000, 4.4108250000, 4.4212750000
4.4322500000, 4.4425250000, 4.4522750000, 4.4619500000
4.4719250000, 4.4810750000, 4.4902250000, 4.4987750000
4.5068750000, 4.5148500000, 4.5216500000, 4.5275000000
4.5305000000, 4.5275750000, 4.5159250000, 3.8004000000
3.8208500000, 3.8349500000, 3.8451500000, 3.8474250000
3.8502250000, 3.8517500000, 3.8511500000, 3.8522750000
3.8539750000, 3.8577500000, 3.8626000000, 3.8646500000
3.8691000000, 3.8703000000, 3.8728000000, 3.8751500000
3.8758500000, 3.8776500000, 3.8785500000, 3.8815250000
3.8860750000, 3.8898250000, 3.8950500000, 3.8990500000
3.9041250000, 3.9086750000, 3.9129750000, 3.9169750000
3.9174250000, 3.9192000000, 3.9283000000, 3.9415000000
3.9490500000, 3.9537250000, 3.9574250000, 3.9577250000
3.9587500000, 3.9641250000, 3.9691250000, 3.9751750000
3.9821250000, 3.9904250000, 3.9974500000, 4.0038000000
4.0108500000, 4.0195500000, 4.0264000000, 4.0352500000
4.0452250000, 4.0559250000, 4.0656500000, 4.0730500000
4.0808500000, 4.0889500000, 4.0959000000, 4.1046000000
4.1131500000, 4.1217500000, 4.1310500000, 4.1403500000
4.1497250000, 4.1595250000, 4.1693750000, 4.1788250000
4.1896250000, 4.2011250000, 4.2140750000, 4.2298000000
4.2463250000, 4.2608500000, 4.2731000000, 4.2833000000
4.2938250000, 4.3046250000, 4.3155250000, 4.3267750000
4.3384250000, 4.3493250000, 4.3607250000, 4.3725250000
4.3834250000, 4.3950750000, 4.4052500000, 4.4163750000
4.4271250000, 4.4378500000, 4.4477750000, 4.4578250000
4.4669500000, 4.4759750000, 4.4854250000, 4.4939750000
4.5022250000, 4.5099250000, 4.5173500000, 4.5244500000
4.5296000000, 4.5321000000, 4.5294250000, 4.5184750000
cathode_ocv_table_end
si_anode_soc_table_start
4=col
0xab1a327b=crc
1.0000000000, 0.9999975000, 0.9999962000, 0.9999949000
0.9999936000, 0.9999923000, 0.9999910000, 0.9999897000
0.9999884000, 0.9999871000, 0.9999858000, 0.9999845000
0.9999832000, 0.9999819000, 0.9999806000, 0.9999793000
0.9999780000, 0.9999770000, 0.9995421890, 0.9984974410
0.9970300981, 0.9951518993, 0.9928745833, 0.9901159788
0.9867352209, 0.9826149223, 0.9772620557, 0.9699018641
0.9624125464, 0.9539136968, 0.9450274687, 0.9347091140
0.9242733718, 0.9133798188, 0.9007254543, 0.8875311077
0.8730807156, 0.8575503592, 0.8400009391, 0.8216650232
0.8014626473, 0.7814011363, 0.7598605437, 0.7379912664
0.7185284312, 0.6980678030, 0.6781706344, 0.6603394844
0.6416514063, 0.6244189322, 0.6069516833, 0.5900361553
0.5734610509, 0.5569094239, 0.5409447340, 0.5238766023
0.5070197680, 0.4902451049, 0.4727426398, 0.4559092830
0.4380663943, 0.4211508663, 0.4038831760, 0.3868502606
0.3704747147, 0.3543926375, 0.3394961732, 0.3243297178
0.3104310466, 0.2964619430, 0.2832793351, 0.2711766916
0.2586044983, 0.2468774945, 0.2361013288, 0.2247147486
0.2140207541, 0.2038784805, 0.1933488285, 0.1834061135
0.1740385970, 0.1637554585, 0.1538362211, 0.1450204254
0.1355707377, 0.1260271400, 0.1168826595, 0.1080081702
0.0983824013, 0.0893553083, 0.0803986477, 0.0716298070
0.0625557590, 0.0538808283, 0.0455815373, 0.0373292013
0.0290064328, 0.0211884303, 0.0137812837, 0.0065736958
0.0000000000, 1.0000000000, 0.9999600000, 0.9999200000
0.9998800000, 0.9998400000, 0.9998000000, 0.9997600000
0.9997200000, 0.9996933519, 0.9985280890, 0.9967801946
0.9948278682, 0.9926608881, 0.9903201406, 0.9877647396
0.9849333551, 0.9818157658, 0.9784221931, 0.9747117508
0.9705413362, 0.9659825006, 0.9610148009, 0.9554746913
0.9492906207, 0.9426772426, 0.9353585739, 0.9273755009
0.9184929266, 0.9087619593, 0.8980497179, 0.8861722136
0.8733236569, 0.8585227737, 0.8425259629, 0.8242190694
0.8041336168, 0.7825251451, 0.7593016600, 0.7355773162
0.7114032218, 0.6877095429, 0.6652220132, 0.6434397743
0.6229659007, 0.6039639382, 0.5858308120, 0.5686585166
0.5524368305, 0.5364706844, 0.5214244828, 0.5059489738
0.4911685338, 0.4759485649, 0.4611681249, 0.4459992640
0.4312903753, 0.4162339521, 0.4016783874, 0.3870512716
0.3728636847, 0.3586965410, 0.3453880121, 0.3319466023
0.3193024777, 0.3067605691, 0.2948319568, 0.2833224303
0.2719662278, 0.2612335432, 0.2506235179, 0.2403201406
0.2305074004, 0.2205924442, 0.2109636929, 0.2016620329
0.1923399297, 0.1830995993, 0.1741352523, 0.1651504620
0.1561656718, 0.1471706599, 0.1384209666, 0.1295077275
0.1206762613, 0.1121310001, 0.1033710851, 0.0948258239
0.0864543299, 0.0782872680, 0.0701508709, 0.0622700139
0.0548797939, 0.0475406820, 0.0404060021, 0.0337108513
0.0273223485, 0.0211996075, 0.0153221850, 0.0097411890
0.0044055115, 0.0000000000, 1.0000000000, 0.9999000000
0.9998000000, 0.9997000000, 0.9996000000, 0.9995036303
0.9979950558, 0.9960679734, 0.9939365036, 0.9916882409
0.9892647889, 0.9866661476, 0.9838436533, 0.9807291768
0.9774200455, 0.9738286649, 0.9700231639, 0.9658672844
0.9613902244, 0.9564654585, 0.9510443229, 0.9452338777
0.9387324081, 0.9317248360, 0.9240067740, 0.9154516964
0.9060304051, 0.8955385124, 0.8838884239, 0.8708562864
0.8560819886, 0.8393124793, 0.8202655091, 0.7985517684
0.7746286960, 0.7493722383, 0.7240963152, 0.6992875635
0.6757635334, 0.6537480778, 0.6329686800, 0.6136783914
0.5955949623, 0.5784458762, 0.5622214003, 0.5467366126
0.5317773928, 0.5171296206, 0.5027057014, 0.4884861698
0.4741595780, 0.4598135207, 0.4454479980, 0.4310240788
0.4166488233, 0.4024779553, 0.3883557511, 0.3744282016
0.3608996944, 0.3475658420, 0.3347770229, 0.3222607206
0.3101629261, 0.2984155101, 0.2869600763, 0.2759523485
0.2653436630, 0.2549296323, 0.2448367820, 0.2349677846
0.2252739766, 0.2157748234, 0.2064411267, 0.1971950246
0.1880657155, 0.1789656045, 0.1699822864, 0.1610573648
0.1521227104, 0.1431685905, 0.1342631343, 0.1255815312
0.1167734024, 0.1081696611, 0.0997313764, 0.0914001518
0.0832635820, 0.0753703307, 0.0677301306, 0.0604013782
0.0533548751, 0.0466782162, 0.0402643412, 0.0342105775
0.0284487961, 0.0229497985, 0.0177817141, 0.0128569482
0.0081560353, 0.0037081736, 0.0000000000, 1.0000000000
0.9999500000, 0.9999000000, 0.9998800000, 0.9998599492
0.9988702569, 0.9971336271, 0.9950888856, 0.9929040932
0.9905699134, 0.9880583358, 0.9852666567, 0.9821668659
0.9788243203, 0.9753790708, 0.9717937705, 0.9679470421
0.9636801613, 0.9590398118, 0.9539886465, 0.9484519719
0.9423831043, 0.9356886764, 0.9283500149, 0.9202924261
0.9111891246, 0.9010401105, 0.8898173738, 0.8771847924
0.8630396624, 0.8467377502, 0.8285218106, 0.8078783239
0.7852554526, 0.7614468180, 0.7369005826, 0.7125690917
0.6888351509, 0.6663149836, 0.6446071108, 0.6244117867
0.6052808485, 0.5873730206, 0.5704082014, 0.5543303705
0.5388780998, 0.5237432776, 0.5090379444, 0.4944259785
0.4799167165, 0.4652860771, 0.4506461010, 0.4361368390
0.4215995668, 0.4071836719, 0.3926463998, 0.3786880042
0.3648976696, 0.3515648342, 0.3385681207, 0.3258141619
0.3137137735, 0.3018001195, 0.2905120257, 0.2793172991
0.2684867045, 0.2580482522, 0.2478152076, 0.2378249178
0.2280587093, 0.2183858679, 0.2088717508, 0.1995163579
0.1902263221, 0.1809082761, 0.1717209441, 0.1626456528
0.1534489842, 0.1444203765, 0.1354477891, 0.1265218853
0.1176426651, 0.1089501793, 0.1004350911, 0.0920320436
0.0838717508, 0.0760475799, 0.0685408575, 0.0613422468
0.0545077682, 0.0479907380, 0.0418565133, 0.0360770840
0.0305870929, 0.0253865402, 0.0204567523, 0.0158350762
0.0114561548, 0.0072639677, 0.0033425456, 0.0000000000
si_anode_soc_table_end
gr_anode_soc_table_start
4=col
0x5931fa72=crc
1.0000000000, 0.9999900000, 0.9999680000, 0.9999600000
0.9999300000, 0.9999000000, 0.9998000000, 0.9997000000
0.9996000000, 0.9995000000, 0.9994000000, 0.9993000000
0.9992000000, 0.9991000000, 0.9990000000, 0.9989000000
0.9988000000, 0.9987000000, 0.9986000000, 0.9984000000
0.9982000000, 0.9980000000, 0.3931289250, 0.3198867130
0.2738332720, 0.2406600170, 0.2134466200, 0.1916266470
0.1742888810, 0.1572466450, 0.1369289500, 0.1123999510
0.0911710380, 0.0790789310, 0.0705578130, 0.0638345030
0.0582933140, 0.0538111070, 0.0500043981, 0.0467553257
0.0439245300, 0.0413988425, 0.0391577390, 0.0371136560
0.0352665925, 0.0335356306, 0.0319172515, 0.0303965029
0.0290112060, 0.0276566925, 0.0263799511, 0.0251939415
0.0240258939, 0.0229461219, 0.0218842187, 0.0208860980
0.0199157742, 0.0190042273, 0.0181185493, 0.0172664312
0.0164511760, 0.0156448235, 0.0148934861, 0.0141666127
0.0134466200, 0.0127652592, 0.0121207276, 0.0114796598
0.0108683091, 0.0102907803, 0.0097313024, 0.0091680003
0.0086437315, 0.0081455486, 0.0076640810, 0.0071728826
0.0067287828, 0.0062961348, 0.0058825781, 0.0054785770
0.0050686493, 0.0047004445, 0.0043410583, 0.0039966928
0.0036653939, 0.0033473708, 0.0030424445, 0.0027312504
0.0024479740, 0.0021842703, 0.0019349095, 0.0016992980
0.0014763543, 0.0012689648, 0.0010743506, 0.0008858818
0.0007016182, 0.0005292498, 0.0003747243, 0.0002273308
0.0000874349, 1.0000000000, 0.9995000000, 0.9990000000
0.9985000000, 0.9980000000, 0.9970000000, 0.9960000000
0.9950000000, 0.9940000000, 0.9930000000, 0.9920000000
0.9910000000, 0.9900000000, 0.9899724087, 0.6810525882
0.6135362188, 0.5734052629, 0.5133426677, 0.3605608862
0.2776839764, 0.2325495202, 0.2012930857, 0.1793641642
0.1622740189, 0.1469958407, 0.1338384878, 0.1222254252
0.0914631635, 0.0647366470, 0.0538236626, 0.0484907137
0.0450726846, 0.0424576864, 0.0402544990, 0.0383189886
0.0365482024, 0.0349009595, 0.0333360787, 0.0318741506
0.0304534036, 0.0291150187, 0.0278178149, 0.0265823827
0.0253881316, 0.0242350616, 0.0231437631, 0.0220730552
0.0210641189, 0.0200963637, 0.0191491990, 0.0182432154
0.0173784129, 0.0165342009, 0.0157311700, 0.0149487296
0.0142074702, 0.0135073920, 0.0128073138, 0.0121484166
0.0115101100, 0.0109129844, 0.0102952683, 0.0097599143
0.0092039699, 0.0086892064, 0.0081538525, 0.0077008607
0.0072272783, 0.0067742865, 0.0063624758, 0.0059712556
0.0055594449, 0.0051888152, 0.0048387761, 0.0044681464
0.0041386979, 0.0038298398, 0.0035415723, 0.0032533048
0.0029856278, 0.0027179508, 0.0024914549, 0.0022649590
0.0020590537, 0.0018531483, 0.0016884240, 0.0015442902
0.0014001565, 0.0012560227, 0.0011118890, 0.0009883458
0.0008648025, 0.0007618499, 0.0006383066, 0.0005353540
0.0004324013, 0.0003120000, 0.0002470864, 0.0001441338
0.0000617716, 0.0000000000, 1.0000000000, 0.9998000000
0.9994000000, 0.9992000000, 0.9990000000, 0.9989492827
0.9962618711, 0.9931097191, 0.9894726207, 0.9847443928
0.9778136997, 0.9661264902, 0.8930551627, 0.6119620125
0.5666801374, 0.5371388159, 0.4302889473, 0.2957567185
0.2434229137, 0.2141846838, 0.1887249949, 0.1689230148
0.1546777127, 0.1406950899, 0.1285108103, 0.1181248737
0.0807839968, 0.0577692463, 0.0499090725, 0.0462921802
0.0438068297, 0.0417458072, 0.0398464336, 0.0381087088
0.0364316023, 0.0348757325, 0.0333400687, 0.0319256415
0.0305314205, 0.0291978177, 0.0279248333, 0.0267124672
0.0255405132, 0.0244089715, 0.0232976359, 0.0222873308
0.0212568196, 0.0202869267, 0.0193574459, 0.0184481713
0.0175995151, 0.0167710649, 0.0159830269, 0.0152151950
0.0144473631, 0.0137401495, 0.0130531420, 0.0124065468
0.0117801576, 0.0111537684, 0.0105677915, 0.0100222267
0.0094564558, 0.0089513033, 0.0084259446, 0.0079814104
0.0074964639, 0.0070721358, 0.0066478076, 0.0062234795
0.0058193574, 0.0054556476, 0.0050919378, 0.0047484340
0.0044049303, 0.0040816327, 0.0037785411, 0.0034956557
0.0032127703, 0.0029500909, 0.0027076177, 0.0024651445
0.0022832896, 0.0020812285, 0.0018791675, 0.0016973126
0.0015558699, 0.0014144272, 0.0012729844, 0.0011315417
0.0010305112, 0.0008890685, 0.0007678319, 0.0006465953
0.0005657709, 0.0004647404, 0.0003200000, 0.0002626793
0.0001818549, 0.0000808244, 0.0000000000, 1.0000000000
0.9998000000, 0.9996000000, 0.9994666667, 0.9993900874
0.9973679819, 0.9943148598, 0.9911344821, 0.9874190736
0.9827314809, 0.9761895870, 0.9655314874, 0.7488688135
0.5971309375, 0.5568820947, 0.5338698144, 0.4559780505
0.3392371936, 0.2735295098, 0.2477971515, 0.2266294291
0.1969067423, 0.1749135909, 0.1570183987, 0.1442862121
0.1300791287, 0.1105379115, 0.0977219537, 0.0672641925
0.0560325632, 0.0506682131, 0.0474505053, 0.0450749314
0.0431404513, 0.0413782960, 0.0396842109, 0.0381351507
0.0365297000, 0.0350139584, 0.0336013967, 0.0322505280
0.0309198654, 0.0296718184, 0.0284372421, 0.0271679143
0.0259599212, 0.0247313638, 0.0235506704, 0.0225079085
0.0214303950, 0.0204145745, 0.0194469763, 0.0185481646
0.0176975752, 0.0168331569, 0.0160166026, 0.0152206126
0.0144519223, 0.0137176253, 0.0129971572, 0.0123593048
0.0117210940, 0.0110623190, 0.0104928949, 0.0099167354
0.0093813463, 0.0088324865, 0.0083314908, 0.0078581529
0.0073986441, 0.0069182126, 0.0064927388, 0.0060949229
0.0056900135, 0.0053127619, 0.0049422457, 0.0045784649
0.0042352484, 0.0039196899, 0.0036246956, 0.0033226078
0.0030343490, 0.0027801252, 0.0025191660, 0.0022858648
0.0020592989, 0.0018600327, 0.0016607666, 0.0015029873
0.0013175501, 0.0011732415, 0.0010292912, 0.0008920763
0.0007548613, 0.0006449461, 0.0005282955, 0.0003442372
0.0003088232, 0.0002127369, 0.0000960863, 0.0000000000
gr_anode_soc_table_end
anode_soc_table_start
4=col
0x822e0fac=crc
1.0000000000, 0.9999922111, 0.9999763136, 0.9999702889
0.9999487499, 0.9999272109, 0.9998563086, 0.9997854063
0.9997145040, 0.9996436017, 0.9995726994, 0.9995017971
0.9994308948, 0.9993599925, 0.9992890902, 0.9992181879
0.9991472857, 0.9990764718, 0.9988777663, 0.9984287265
0.9978551018, 0.9971603527, 0.5699396732, 0.5174767018
0.4840035754, 0.4593954094, 0.4386267056, 0.4210696142
0.4066352648, 0.3921117008, 0.3751641114, 0.3548245460
0.3367775629, 0.3250388010, 0.3152991625, 0.3066681291
0.2985004219, 0.2907611150, 0.2829029236, 0.2752061056
0.2672540022, 0.2595585864, 0.2516278092, 0.2437390696
0.2366987083, 0.2294460619, 0.2224389211, 0.2161097104
0.2096233883, 0.2035879004, 0.1975380427, 0.1917148209
0.1860046258, 0.1803636032, 0.1749082161, 0.1691725027
0.1635186839, 0.1579305388, 0.1521460733, 0.1465825333
0.1407473692, 0.1351918779, 0.1295713619, 0.1240373116
0.1187019123, 0.1134802732, 0.1086341357, 0.1037108449
0.0991822652, 0.0946567723, 0.0903758751, 0.0864106649
0.0823345529, 0.0785260064, 0.0750095634, 0.0713063024
0.0678404358, 0.0645452974, 0.0611494192, 0.0579333141
0.0548826037, 0.0515913818, 0.0484136601, 0.0455718361
0.0425523491, 0.0395145385, 0.0366036272, 0.0337678918
0.0307303594, 0.0278831249, 0.0250667689, 0.0223154800
0.0194831462, 0.0167794446, 0.0141954943, 0.0116297205
0.0090461479, 0.0066197735, 0.0043271061, 0.0020982998
0.0000616583, 1.0000000000, 0.9996473768, 0.9992947536
0.9989421304, 0.9985895071, 0.9978970761, 0.9972046450
0.9965122140, 0.9958240606, 0.9947711130, 0.9935314994
0.9922263889, 0.9908525068, 0.9900838165, 0.7793183512
0.7325260365, 0.7042535828, 0.6623468536, 0.5573251912
0.4996646081, 0.4675299444, 0.4446960082, 0.4280178050
0.4144217950, 0.4019196829, 0.3906329528, 0.3801828819
0.3564305290, 0.3351491199, 0.3243004504, 0.3168707285
0.3104313063, 0.3039121417, 0.2972896937, 0.2901090489
0.2824705308, 0.2744280233, 0.2659240653, 0.2573296084
0.2486190458, 0.2401183753, 0.2320321234, 0.2242138166
0.2168426768, 0.2099711015, 0.2034198687, 0.1971904647
0.1913076020, 0.1855345976, 0.1800703225, 0.1744964915
0.1691733370, 0.1637233579, 0.1584421844, 0.1530505605
0.1478342917, 0.1425346657, 0.1373955069, 0.1322614116
0.1272821280, 0.1223373815, 0.1176537280, 0.1129834762
0.1085546684, 0.1041865963, 0.1000010210, 0.0960056889
0.0920454857, 0.0882990416, 0.0846198828, 0.0810529630
0.0776292419, 0.0742007597, 0.0708779667, 0.0676459750
0.0644354209, 0.0612650592, 0.0581971119, 0.0551226149
0.0520621115, 0.0489983333, 0.0460411386, 0.0430315465
0.0400621467, 0.0371844425, 0.0342659539, 0.0314302306
0.0286501797, 0.0259356256, 0.0232308960, 0.0206220311
0.0181703586, 0.0157490540, 0.0133792526, 0.0111642630
0.0090475186, 0.0070040619, 0.0050769116, 0.0032188797
0.0014534377, 0.0000000000, 1.0000000000, 0.9998328952
0.9995315808, 0.9993644760, 0.9991973712, 0.9991316364
0.9968320056, 0.9940828428, 0.9909410239, 0.9870285854
0.9815805583, 0.9728830513, 0.9229202170, 0.7332687037
0.7017938460, 0.6807888091, 0.6078355898, 0.5161909201
0.4795996866, 0.4583594189, 0.4394914520, 0.4242920150
0.4125940620, 0.4009058960, 0.3901907875, 0.3804071157
0.3522504419, 0.3333551104, 0.3242482366, 0.3175341807
0.3110063565, 0.3041069481, 0.2965668386, 0.2882579637
0.2792630025, 0.2699107772, 0.2605657080, 0.2514556713
0.2427818056, 0.2346448663, 0.2269552084, 0.2197960738
0.2130610565, 0.2066605117, 0.2005776786, 0.1948059637
0.1891935761, 0.1837243177, 0.1783558146, 0.1730681045
0.1677858546, 0.1625107607, 0.1572563821, 0.1519963532
0.1467523323, 0.1416162229, 0.1365096807, 0.1314942892
0.1266237226, 0.1218171882, 0.1172170621, 0.1127336994
0.1083744465, 0.1041711291, 0.1000503005, 0.0961309827
0.0923158122, 0.0886053516, 0.0850005438, 0.0814693730
0.0780093903, 0.0746405582, 0.0713261534, 0.0680541222
0.0648205104, 0.0616100625, 0.0584515932, 0.0553258928
0.0521969908, 0.0490752449, 0.0459830662, 0.0429645244
0.0399450396, 0.0369792291, 0.0340678460, 0.0312052397
0.0284337841, 0.0257423685, 0.0231341947, 0.0206284721
0.0182427147, 0.0159514996, 0.0137602871, 0.0116875339
0.0097379474, 0.0078612449, 0.0060640655, 0.0044055891
0.0028049774, 0.0012740481, 0.0000000000, 1.0000000000
0.9998508701, 0.9997017403, 0.9996068422, 0.9995494336
0.9978774548, 0.9952708003, 0.9924755557, 0.9892792316
0.9853897618, 0.9802146862, 0.9722243592, 0.8279881728
0.7265762355, 0.6988087516, 0.6823848256, 0.6296042690
0.5510071893, 0.5060095300, 0.4872908725, 0.4714241737
0.4497233071, 0.4329184768, 0.4186033657, 0.4074564953
0.3949802791, 0.3786242797, 0.3663486376, 0.3419360053
0.3297163082, 0.3206426562, 0.3123385344, 0.3037676856
0.2948170636, 0.2855781921, 0.2761341602, 0.2668587975
0.2577488180, 0.2491097563, 0.2408143596, 0.2330726907
0.2257053450, 0.2188073957, 0.2122381553, 0.2059467570
0.1999080415, 0.1939633935, 0.1881960316, 0.1825514879
0.1769188084, 0.1712857366, 0.1656813668, 0.1601667853
0.1546745731, 0.1492143849, 0.1437446653, 0.1384848528
0.1333000769, 0.1282931841, 0.1234094208, 0.1186625818
0.1141371540, 0.1096614641, 0.1054569720, 0.1012796927
0.0972528469, 0.0933500876, 0.0895486208, 0.0858477586
0.0822320292, 0.0786341367, 0.0751263927, 0.0716907557
0.0682725956, 0.0648632144, 0.0615026141, 0.0581844617
0.0548387364, 0.0515682844, 0.0483304212, 0.0451037020
0.0419019540, 0.0387860265, 0.0357258096, 0.0327218676
0.0298047032, 0.0270195707, 0.0243420959, 0.0217965295
0.0193561746, 0.0170506579, 0.0148752004, 0.0128245174
0.0108719927, 0.0090356680, 0.0072867177, 0.0055977112
0.0040892651, 0.0026040508, 0.0011970718, 0.0000000000
anode_soc_table_end
fresh_anode_ocv_table_start
4=col
0x5dc219b2=crc
0.8023000000, 0.7710000000, 0.7381000000, 0.7096000000
0.6804000000, 0.6553000000, 0.6299000000, 0.6082000000
0.5859000000, 0.5667000000, 0.5481000000, 0.5285000000
0.5109000000, 0.4920000000, 0.4746000000, 0.4560000000
0.4402000000, 0.4234000000, 0.4092000000, 0.3949000000
0.3822000000, 0.3704000000, 0.3577000000, 0.3469000000
0.3348000000, 0.3242000000, 0.3121000000, 0.3025000000
0.2938000000, 0.2873000000, 0.2827000000, 0.2777000000
0.2743000000, 0.2706000000, 0.2669000000, 0.2625000000
0.2585000000, 0.2535000000, 0.2492000000, 0.2442000000
0.2408000000, 0.2371000000, 0.2337000000, 0.2306000000
0.2278000000, 0.2256000000, 0.2229000000, 0.2207000000
0.2185000000, 0.2170000000, 0.2151000000, 0.2132000000
0.2117000000, 0.2101000000, 0.2089000000, 0.2074000000
0.2061000000, 0.2049000000, 0.2039000000, 0.2027000000
0.2015000000, 0.2005000000, 0.1990000000, 0.1977000000
0.1965000000, 0.1956000000, 0.1943000000, 0.1928000000
0.1909000000, 0.1894000000, 0.1878000000, 0.1866000000
0.1853000000, 0.1832000000, 0.1819000000, 0.1804000000
0.1791000000, 0.1779000000, 0.1773000000, 0.1767000000
0.1770000000, 0.1770000000, 0.1764000000, 0.1748000000
0.1742000000, 0.1739000000, 0.1739000000, 0.1736000000
0.1742000000, 0.1745000000, 0.1751000000, 0.1767000000
0.1776000000, 0.1788000000, 0.1798000000, 0.1804000000
0.1804000000, 0.1788000000, 0.1739000000, 0.1615000000
0.1109000000, 0.8017000000, 0.7651000000, 0.7328000000
0.7028000000, 0.6758000000, 0.6470000000, 0.6197000000
0.5952000000, 0.5710000000, 0.5496000000, 0.5307000000
0.5121000000, 0.4944000000, 0.4765000000, 0.4600000000
0.4433000000, 0.4259000000, 0.4117000000, 0.3965000000
0.3807000000, 0.3676000000, 0.3537000000, 0.3435000000
0.3320000000, 0.3227000000, 0.3118000000, 0.3028000000
0.2942000000, 0.2842000000, 0.2752000000, 0.2675000000
0.2591000000, 0.2523000000, 0.2477000000, 0.2436000000
0.2402000000, 0.2365000000, 0.2331000000, 0.2281000000
0.2225000000, 0.2170000000, 0.2123000000, 0.2070000000
0.2030000000, 0.1990000000, 0.1946000000, 0.1919000000
0.1888000000, 0.1860000000, 0.1829000000, 0.1810000000
0.1782000000, 0.1760000000, 0.1745000000, 0.1729000000
0.1705000000, 0.1689000000, 0.1680000000, 0.1664000000
0.1652000000, 0.1640000000, 0.1621000000, 0.1609000000
0.1602000000, 0.1590000000, 0.1578000000, 0.1565000000
0.1546000000, 0.1534000000, 0.1522000000, 0.1503000000
0.1491000000, 0.1469000000, 0.1450000000, 0.1435000000
0.1410000000, 0.1391000000, 0.1373000000, 0.1360000000
0.1348000000, 0.1336000000, 0.1323000000, 0.1314000000
0.1305000000, 0.1298000000, 0.1292000000, 0.1286000000
0.1286000000, 0.1277000000, 0.1283000000, 0.1277000000
0.1280000000, 0.1280000000, 0.1274000000, 0.1274000000
0.1264000000, 0.1246000000, 0.1209000000, 0.1137000000
0.0967000000, 0.0440000000, 0.8004000000, 0.7604000000
0.7248000000, 0.6938000000, 0.6671000000, 0.6374000000
0.6116000000, 0.5865000000, 0.5623000000, 0.5385000000
0.5183000000, 0.4997000000, 0.4799000000, 0.4634000000
0.4473000000, 0.4299000000, 0.4141000000, 0.3986000000
0.3813000000, 0.3661000000, 0.3521000000, 0.3391000000
0.3258000000, 0.3152000000, 0.3044000000, 0.2938000000
0.2849000000, 0.2765000000, 0.2650000000, 0.2526000000
0.2439000000, 0.2387000000, 0.2356000000, 0.2325000000
0.2300000000, 0.2260000000, 0.2198000000, 0.2129000000
0.2058000000, 0.1999000000, 0.1943000000, 0.1888000000
0.1841000000, 0.1807000000, 0.1767000000, 0.1733000000
0.1702000000, 0.1671000000, 0.1646000000, 0.1624000000
0.1602000000, 0.1584000000, 0.1571000000, 0.1553000000
0.1540000000, 0.1528000000, 0.1519000000, 0.1506000000
0.1500000000, 0.1488000000, 0.1481000000, 0.1466000000
0.1460000000, 0.1450000000, 0.1438000000, 0.1426000000
0.1413000000, 0.1391000000, 0.1370000000, 0.1348000000
0.1317000000, 0.1289000000, 0.1271000000, 0.1246000000
0.1224000000, 0.1209000000, 0.1193000000, 0.1184000000
0.1174000000, 0.1168000000, 0.1156000000, 0.1150000000
0.1143000000, 0.1137000000, 0.1131000000, 0.1128000000
0.1122000000, 0.1119000000, 0.1116000000, 0.1109000000
0.1106000000, 0.1103000000, 0.1097000000, 0.1091000000
0.1085000000, 0.1069000000, 0.1044000000, 0.0995000000
0.0895000000, 0.0691000000, 0.0266000000, 0.8007000000
0.7567000000, 0.7195000000, 0.6901000000, 0.6606000000
0.6352000000, 0.6104000000, 0.5834000000, 0.5598000000
0.5360000000, 0.5158000000, 0.4969000000, 0.4777000000
0.4613000000, 0.4439000000, 0.4284000000, 0.4132000000
0.3965000000, 0.3813000000, 0.3648000000, 0.3503000000
0.3373000000, 0.3239000000, 0.3128000000, 0.3013000000
0.2917000000, 0.2824000000, 0.2731000000, 0.2647000000
0.2526000000, 0.2421000000, 0.2365000000, 0.2328000000
0.2303000000, 0.2278000000, 0.2247000000, 0.2188000000
0.2111000000, 0.2049000000, 0.1981000000, 0.1919000000
0.1863000000, 0.1819000000, 0.1779000000, 0.1739000000
0.1702000000, 0.1671000000, 0.1630000000, 0.1602000000
0.1578000000, 0.1553000000, 0.1534000000, 0.1515000000
0.1503000000, 0.1491000000, 0.1475000000, 0.1469000000
0.1457000000, 0.1450000000, 0.1444000000, 0.1435000000
0.1429000000, 0.1422000000, 0.1410000000, 0.1398000000
0.1388000000, 0.1379000000, 0.1364000000, 0.1348000000
0.1326000000, 0.1302000000, 0.1277000000, 0.1252000000
0.1227000000, 0.1205000000, 0.1190000000, 0.1174000000
0.1165000000, 0.1150000000, 0.1140000000, 0.1134000000
0.1125000000, 0.1119000000, 0.1112000000, 0.1106000000
0.1103000000, 0.1097000000, 0.1091000000, 0.1088000000
0.1078000000, 0.1072000000, 0.1069000000, 0.1060000000
0.1054000000, 0.1044000000, 0.1029000000, 0.1007000000
0.0948000000, 0.0843000000, 0.0638000000, 0.0223000000
fresh_anode_ocv_table_end
