350 579
349 580
346 580
345 581
344 581
342 583
340 583
339 584
337 584
336 585
334 585
333 586
331 586
330 587
328 587
327 588
326 588
325 589
323 589
322 590
320 590
319 591
318 591
317 592
316 592
311 597
310 597
308 599
307 599
306 600
306 601
305 602
305 603
304 604
303 603
301 605
300 605
299 606
298 606
292 612
291 612
290 613
290 614
287 617
287 618
283 622
283 623
281 625
281 626
279 628
279 629
278 630
278 631
277 632
277 634
276 635
276 637
275 638
275 640
274 641
274 643
273 644
273 645
272 646
272 649
271 650
271 653
270 654
270 656
269 657
269 658
268 659
268 660
267 661
267 662
266 663
266 665
265 666
265 668
264 669
264 671
263 672
263 674
262 675
262 677
261 678
261 681
260 682
260 685
259 686
259 689
258 690
258 692
257 693
257 695
256 696
256 699
255 700
255 703
254 704
254 708
253 709
253 712
252 713
252 716
251 717
251 719
250 720
250 722
249 723
249 727
248 728
248 732
247 733
247 736
246 737
246 740
245 741
245 745
244 746
244 751
243 752
243 755
242 756
242 759
241 760
241 763
240 764
240 767
239 768
239 770
238 771
238 774
237 775
237 777
236 778
236 780
235 781
235 783
234 784
234 787
233 788
233 791
232 792
232 795
231 796
231 799
230 800
230 803
229 804
229 806
228 807
228 810
227 811
227 813
226 814
226 816
225 817
225 819
224 820
224 822
223 823
223 824
222 825
222 827
221 828
221 830
220 831
220 834
219 835
219 844
220 845
220 847
221 848
221 849
222 850
222 853
223 854
223 857
224 858
224 859
226 861
226 862
227 863
227 865
228 866
228 867
229 868
229 869
228 870
228 876
227 877
227 879
226 880
226 883
225 884
225 886
224 887
224 889
223 890
223 893
222 894
221 894
221 895
220 896
220 899
219 900
219 903
218 904
218 905
217 906
217 910
216 911
216 913
215 914
215 916
214 917
214 920
213 921
213 922
212 923
212 924
210 926
210 927
209 928
209 929
208 930
207 930
207 931
206 932
206 933
205 934
204 934
204 935
202 937
202 938
200 940
200 941
198 943
198 944
197 945
197 946
195 948
195 949
194 950
194 951
193 952
193 953
192 954
192 956
191 957
191 961
190 962
190 965
189 966
189 969
188 970
188 974
187 975
187 977
186 978
186 980
185 981
185 983
184 984
184 986
183 987
183 988
182 989
182 990
179 993
179 994
176 997
176 998
175 999
175 1000
174 1001
174 1002
173 1003
173 1007
172 1008
172 1011
173 1012
172 1013
172 1015
173 1016
173 1017
172 1018
171 1017
171 1020
172 1021
171 1022
170 1022
171 1023
170 1024
170 1025
171 1026
171 1027
172 1027
173 1028
172 1029
173 1028
174 1028
174 1027
175 1026
176 1027
177 1027
177 1026
174 1023
175 1022
177 1022
178 1023
179 1023
180 1022
180 1020
181 1019
182 1020
183 1020
183 1017
184 1016
185 1017
186 1017
187 1016
188 1016
193 1011
195 1011
195 1010
194 1009
194 1008
195 1007
195 1005
196 1004
197 1004
198 1005
196 1003
198 1001
198 1000
197 999
198 998
197 997
197 996
198 995
199 996
200 995
201 995
200 995
198 993
200 991
201 991
200 990
201 989
202 989
201 988
201 989
199 991
198 991
197 990
199 988
199 987
200 986
201 986
202 985
203 985
205 987
204 986
205 985
206 985
205 985
203 983
204 982
205 982
206 983
207 983
208 982
209 983
209 985
208 986
208 987
207 988
208 989
208 990
207 991
206 991
207 992
207 995
206 996
206 1000
204 1002
204 1003
201 1006
203 1008
204 1007
205 1008
205 1009
203 1011
202 1011
201 1012
200 1012
199 1013
198 1013
195 1016
194 1016
194 1017
193 1018
192 1018
190 1020
190 1021
189 1022
189 1023
192 1020
192 1019
194 1017
195 1017
196 1016
197 1016
199 1014
200 1014
201 1015
200 1016
203 1016
204 1017
203 1018
201 1018
200 1019
198 1019
200 1021
202 1021
203 1022
202 1023
199 1023
198 1022
197 1022
198 1023
197 1024
195 1024
194 1025
193 1025
192 1024
193 1025
193 1026
191 1028
190 1027
189 1027
188 1026
187 1026
186 1027
185 1027
184 1028
183 1027
182 1027
182 1029
180 1031
179 1030
178 1030
179 1031
178 1032
178 1033
179 1032
181 1034
179 1036
177 1036
176 1037
175 1036
175 1035
173 1037
172 1037
170 1035
171 1034
170 1033
171 1034
170 1035
169 1035
168 1034
168 1031
168 1032
166 1034
165 1034
164 1033
163 1033
163 1034
160 1037
160 1038
157 1041
157 1042
153 1046
153 1047
150 1050
150 1051
149 1052
149 1053
148 1054
148 1055
147 1056
147 1057
146 1058
146 1060
145 1061
145 1062
144 1063
144 1064
143 1065
143 1066
142 1067
142 1069
141 1070
141 1072
140 1073
140 1077
139 1078
139 1081
138 1082
138 1092
139 1093
139 1097
140 1098
140 1101
141 1102
141 1104
142 1105
142 1107
143 1108
143 1110
144 1111
144 1113
145 1114
145 1115
147 1117
147 1118
148 1119
148 1120
149 1121
149 1122
150 1123
150 1124
151 1125
151 1126
152 1127
152 1128
153 1129
153 1130
154 1131
154 1133
155 1134
155 1136
156 1137
156 1142
157 1143
157 1170
156 1171
156 1177
155 1178
155 1184
154 1185
154 1189
153 1190
153 1195
154 1196
154 1203
155 1204
155 1208
156 1209
156 1210
157 1211
157 1212
158 1213
158 1215
159 1216
159 1217
160 1218
160 1219
161 1220
161 1221
160 1222
160 1223
159 1224
159 1226
158 1227
158 1228
157 1229
157 1230
156 1231
156 1232
155 1233
154 1232
154 1233
153 1234
152 1234
153 1235
152 1236
151 1236
150 1235
151 1236
152 1236
153 1237
151 1239
151 1241
150 1242
147 1242
146 1243
147 1244
147 1245
146 1246
146 1247
145 1248
144 1248
143 1247
144 1246
144 1245
139 1250
138 1250
136 1252
135 1252
131 1256
131 1257
128 1260
128 1261
125 1264
125 1265
123 1267
123 1268
121 1270
121 1271
120 1272
120 1273
119 1274
119 1276
118 1277
118 1282
117 1283
117 1284
118 1285
118 1286
117 1287
117 1288
119 1290
118 1291
120 1293
122 1293
123 1294
123 1296
124 1295
125 1295
126 1296
126 1297
126 1296
127 1295
132 1295
133 1294
135 1294
135 1293
136 1292
137 1293
138 1293
139 1292
142 1292
143 1291
144 1292
144 1293
145 1294
145 1296
144 1297
147 1294
147 1293
148 1292
149 1292
151 1290
151 1289
152 1288
154 1288
155 1289
153 1291
154 1291
154 1290
157 1287
156 1287
155 1288
154 1287
154 1286
155 1285
156 1285
158 1283
159 1284
160 1283
162 1285
162 1284
161 1284
160 1283
162 1281
164 1283
164 1284
165 1284
166 1285
163 1288
162 1287
163 1288
163 1289
162 1290
161 1290
163 1290
164 1291
163 1292
163 1293
162 1294
162 1295
161 1296
161 1297
160 1298
160 1300
159 1301
159 1303
158 1304
158 1311
157 1312
157 1316
156 1317
155 1316
155 1311
156 1310
156 1303
157 1302
157 1301
156 1302
156 1303
154 1305
153 1305
152 1306
151 1305
151 1304
150 1303
149 1303
148 1304
147 1304
146 1305
145 1305
143 1303
140 1303
139 1302
136 1302
135 1303
134 1302
133 1303
120 1303
120 1304
119 1305
118 1305
117 1306
117 1308
116 1309
116 1310
115 1311
115 1312
112 1315
112 1317
111 1318
111 1319
110 1320
109 1320
109 1321
108 1322
108 1324
104 1328
103 1328
103 1329
102 1330
100 1330
100 1331
99 1332
98 1332
97 1333
96 1333
93 1336
90 1336
88 1338
85 1338
84 1337
85 1338
85 1339
83 1341
82 1340
82 1337
82 1339
81 1340
80 1340
79 1341
78 1340
78 1339
77 1338
77 1339
79 1341
79 1342
78 1343
77 1343
76 1342
76 1341
75 1340
73 1340
70 1343
68 1341
67 1342
67 1343
63 1347
62 1347
57 1352
57 1353
56 1354
56 1355
55 1356
55 1358
54 1359
54 1361
53 1362
54 1363
53 1364
53 1374
52 1375
53 1376
53 1381
54 1382
54 1383
53 1384
53 1385
54 1386
54 1389
55 1390
55 1391
54 1392
53 1392
55 1394
54 1395
54 1399
53 1400
53 1401
56 1404
55 1405
54 1405
53 1406
53 1408
51 1410
51 1412
52 1413
51 1414
51 1415
50 1416
51 1417
50 1418
50 1423
49 1424
49 1434
48 1435
48 1442
47 1443
48 1444
47 1445
47 1448
48 1449
47 1450
48 1451
48 1453
49 1454
49 1458
50 1459
50 1460
52 1462
52 1463
53 1464
52 1465
56 1469
56 1470
57 1471
58 1471
59 1472
60 1472
63 1475
66 1475
68 1477
69 1477
70 1476
71 1477
81 1477
82 1476
84 1476
85 1475
86 1475
87 1474
89 1474
91 1472
92 1472
99 1465
99 1464
100 1463
100 1462
102 1460
102 1459
103 1458
103 1457
104 1456
104 1455
105 1454
104 1453
105 1452
106 1452
105 1451
105 1450
106 1449
105 1448
105 1447
106 1446
107 1446
107 1443
108 1442
108 1441
109 1440
109 1436
110 1435
110 1432
111 1431
111 1428
113 1426
113 1424
116 1421
116 1420
117 1419
117 1418
118 1417
119 1417
119 1416
121 1414
122 1414
123 1413
123 1412
125 1410
126 1411
126 1412
125 1413
125 1414
123 1416
123 1417
126 1414
126 1413
128 1411
128 1410
129 1409
129 1408
132 1405
132 1404
134 1402
136 1404
135 1405
135 1406
133 1408
133 1409
132 1410
132 1411
130 1413
130 1414
129 1415
130 1415
131 1414
131 1413
133 1411
133 1410
135 1408
135 1407
139 1403
140 1404
140 1405
139 1406
139 1408
138 1409
140 1407
140 1406
141 1405
141 1404
142 1403
142 1402
143 1401
143 1398
144 1397
145 1398
145 1399
146 1400
145 1401
145 1403
144 1404
144 1405
145 1404
146 1404
147 1405
147 1407
148 1408
146 1410
146 1411
147 1412
147 1413
149 1411
150 1412
150 1413
149 1414
150 1415
150 1414
151 1413
151 1412
152 1411
153 1412
153 1414
152 1415
152 1416
151 1417
151 1418
150 1419
150 1420
149 1421
149 1425
150 1424
150 1423
151 1422
151 1420
152 1419
152 1418
153 1417
153 1416
154 1415
155 1416
155 1418
154 1419
154 1421
153 1422
154 1422
155 1423
154 1424
153 1424
154 1424
155 1423
156 1424
156 1425
157 1425
158 1426
157 1427
158 1426
159 1427
159 1428
157 1430
156 1430
157 1430
158 1431
158 1432
157 1433
157 1434
158 1433
159 1434
159 1435
157 1437
157 1438
156 1439
156 1440
155 1441
155 1444
156 1443
156 1442
158 1440
160 1442
160 1443
161 1443
162 1444
161 1445
160 1445
160 1446
161 1446
162 1445
163 1445
164 1446
164 1447
165 1446
165 1445
166 1444
167 1445
167 1447
166 1448
166 1450
165 1451
165 1454
167 1452
167 1450
168 1449
168 1447
169 1446
170 1447
170 1451
169 1452
169 1457
170 1456
170 1454
171 1453
172 1454
172 1459
173 1459
173 1454
174 1453
175 1453
176 1454
177 1454
178 1453
179 1454
179 1455
178 1456
179 1456
180 1457
180 1456
181 1455
182 1456
182 1460
183 1461
183 1462
184 1463
186 1463
186 1459
187 1458
188 1459
188 1461
189 1460
192 1460
193 1461
196 1461
197 1462
196 1463
195 1463
195 1464
194 1465
194 1467
195 1468
193 1470
194 1471
194 1473
195 1473
196 1474
195 1475
194 1475
194 1476
195 1476
197 1478
196 1479
198 1479
199 1480
198 1481
196 1481
193 1484
194 1484
195 1483
197 1483
199 1485
198 1486
197 1486
199 1488
198 1489
197 1489
196 1490
195 1490
195 1491
196 1492
195 1493
197 1495
197 1497
198 1498
197 1499
195 1499
195 1501
196 1501
197 1502
196 1503
195 1503
197 1505
196 1506
195 1506
194 1505
194 1507
193 1508
192 1508
191 1507
191 1508
190 1509
190 1511
189 1512
189 1513
188 1514
188 1522
187 1523
187 1524
188 1525
187 1526
187 1529
186 1530
186 1531
187 1532
186 1533
186 1540
187 1541
186 1542
186 1548
187 1549
187 1552
188 1553
187 1554
187 1556
188 1557
187 1558
188 1559
187 1560
187 1561
188 1560
189 1560
190 1561
190 1562
189 1563
189 1565
188 1566
187 1566
187 1567
189 1569
189 1570
188 1571
187 1571
186 1572
188 1574
187 1575
188 1576
188 1578
187 1579
186 1578
186 1577
186 1578
188 1580
188 1582
187 1583
186 1582
185 1582
185 1583
184 1584
184 1585
185 1585
186 1586
187 1586
188 1585
189 1586
189 1587
188 1588
187 1588
186 1589
188 1591
187 1592
186 1592
185 1591
184 1591
183 1590
184 1589
183 1588
182 1588
181 1589
180 1589
180 1590
181 1591
182 1591
183 1592
184 1592
185 1593
186 1593
187 1594
186 1595
185 1595
186 1596
186 1600
185 1601
185 1602
184 1603
183 1602
183 1600
182 1599
182 1598
183 1597
184 1598
184 1597
183 1597
182 1596
180 1598
179 1597
179 1596
179 1597
180 1598
179 1599
180 1600
179 1601
178 1601
177 1600
177 1599
176 1598
177 1599
175 1601
174 1601
174 1603
173 1604
174 1603
175 1603
176 1604
174 1606
173 1606
173 1610
172 1611
171 1611
170 1612
170 1613
172 1611
173 1612
175 1612
176 1613
175 1614
173 1614
172 1615
169 1615
168 1616
167 1616
166 1617
165 1617
165 1618
166 1617
170 1617
171 1616
174 1616
175 1615
180 1615
181 1616
179 1618
178 1618
177 1617
176 1617
177 1617
178 1618
177 1619
175 1619
174 1618
173 1618
172 1619
168 1619
167 1620
166 1620
167 1621
165 1623
164 1623
164 1624
166 1624
167 1623
169 1623
170 1622
173 1622
174 1623
173 1624
171 1624
170 1625
169 1625
169 1626
167 1628
168 1627
169 1627
170 1628
168 1630
169 1630
170 1631
169 1632
169 1633
170 1633
171 1634
171 1633
173 1631
174 1631
175 1630
174 1629
176 1627
176 1626
174 1626
173 1625
173 1624
174 1623
175 1624
176 1624
177 1623
174 1623
173 1622
174 1621
176 1621
177 1620
182 1620
183 1621
181 1623
180 1622
179 1622
179 1627
180 1628
179 1629
180 1630
179 1631
178 1631
177 1630
177 1629
177 1630
178 1631
177 1632
176 1632
172 1636
171 1636
169 1638
168 1638
167 1637
168 1638
164 1642
163 1642
161 1644
162 1644
163 1645
161 1647
161 1648
163 1646
164 1646
165 1645
166 1645
168 1647
167 1648
166 1648
166 1649
168 1649
169 1648
170 1648
172 1646
173 1646
174 1645
176 1645
177 1646
176 1647
175 1647
174 1648
173 1648
173 1651
172 1652
172 1653
171 1654
172 1655
173 1655
175 1657
176 1656
177 1657
184 1657
185 1656
189 1656
190 1657
191 1656
193 1656
194 1657
194 1658
195 1659
195 1660
192 1663
192 1664
191 1665
191 1666
197 1660
197 1659
199 1657
200 1658
200 1659
199 1660
199 1664
198 1665
198 1673
199 1673
199 1670
200 1669
200 1664
201 1663
201 1660
202 1659
202 1657
203 1656
204 1657
204 1658
205 1659
203 1661
203 1663
205 1665
207 1665
207 1664
206 1663
206 1662
208 1660
209 1661
209 1663
210 1663
210 1662
211 1661
212 1661
213 1660
214 1661
214 1662
215 1663
215 1666
214 1667
214 1668
213 1669
213 1670
216 1667
216 1665
218 1663
220 1665
220 1666
221 1667
221 1669
219 1671
218 1671
217 1672
216 1672
215 1673
214 1673
213 1674
212 1674
211 1675
213 1675
214 1674
216 1674
217 1673
218 1673
219 1672
220 1672
221 1671
222 1671
223 1672
222 1673
222 1674
219 1677
219 1678
216 1681
216 1682
213 1685
213 1686
210 1689
210 1690
209 1691
209 1692
207 1694
207 1695
205 1697
205 1698
204 1699
204 1700
202 1702
203 1702
204 1701
205 1701
206 1700
206 1699
207 1698
207 1697
208 1696
208 1695
210 1693
210 1692
212 1690
212 1689
215 1686
215 1685
217 1683
217 1682
225 1674
226 1675
226 1681
225 1682
225 1683
226 1684
225 1685
226 1686
226 1687
225 1688
226 1689
226 1693
225 1694
224 1694
223 1695
222 1694
223 1695
222 1696
222 1699
219 1702
218 1702
214 1706
213 1706
213 1707
212 1708
212 1709
211 1710
210 1710
208 1712
206 1712
206 1715
202 1719
203 1720
202 1721
202 1722
201 1723
200 1723
200 1726
202 1728
202 1729
200 1731
199 1731
196 1734
196 1735
195 1736
194 1736
195 1737
193 1739
194 1738
195 1739
195 1740
194 1741
193 1741
190 1744
189 1743
189 1744
188 1745
187 1744
185 1744
182 1747
182 1749
183 1749
185 1747
187 1747
189 1749
188 1750
189 1751
189 1752
188 1753
188 1754
187 1755
187 1757
185 1759
186 1760
186 1763
184 1765
185 1766
185 1767
184 1768
183 1767
182 1768
181 1767
182 1768
182 1769
181 1770
180 1770
181 1771
181 1774
180 1775
180 1776
181 1776
182 1777
179 1780
178 1779
178 1780
179 1781
178 1782
177 1782
178 1782
179 1781
180 1782
180 1783
179 1784
179 1786
178 1787
178 1788
176 1790
176 1791
177 1792
176 1793
174 1793
175 1794
174 1795
173 1795
172 1794
171 1795
171 1796
170 1797
170 1799
170 1798
171 1797
174 1800
174 1802
173 1803
173 1804
172 1805
171 1805
171 1806
170 1807
170 1808
169 1809
169 1810
167 1812
168 1812
169 1813
169 1815
167 1817
167 1818
166 1819
165 1818
165 1819
163 1821
163 1823
160 1826
160 1827
157 1830
157 1831
155 1833
154 1833
155 1834
154 1835
154 1836
153 1837
153 1838
152 1839
152 1840
151 1841
150 1841
150 1842
149 1843
149 1845
147 1847
147 1848
145 1850
145 1851
144 1852
144 1853
142 1855
142 1856
141 1857
141 1858
139 1860
139 1862
138 1863
138 1864
136 1866
136 1867
134 1869
134 1871
132 1873
132 1874
131 1875
131 1876
130 1877
130 1878
129 1879
129 1880
128 1881
128 1882
127 1883
127 1884
126 1885
126 1887
123 1890
123 1891
120 1894
119 1894
119 1895
118 1896
117 1896
117 1897
115 1899
115 1900
113 1902
113 1903
112 1904
112 1905
111 1906
111 1907
110 1908
110 1909
107 1912
107 1914
106 1915
106 1917
104 1919
104 1921
103 1922
103 1923
102 1924
102 1926
101 1927
101 1928
100 1929
100 1930
98 1932
99 1933
98 1934
98 1936
97 1937
97 1938
96 1939
96 1940
95 1941
95 1944
94 1945
94 1946
93 1947
93 1949
92 1950
92 1954
91 1955
91 1958
90 1959
90 1960
89 1961
89 1963
90 1964
89 1965
88 1965
88 1968
87 1969
87 1970
86 1971
86 1972
85 1973
85 1975
84 1976
85 1976
86 1977
85 1978
84 1978
83 1979
84 1979
85 1980
83 1982
83 1983
81 1985
81 1986
82 1987
82 1988
81 1989
81 1991
82 1992
81 1993
81 1994
80 1995
80 1997
77 2000
77 2003
76 2004
75 2004
75 2005
74 2006
74 2009
73 2010
73 2011
74 2011
75 2012
74 2013
73 2013
73 2014
71 2016
72 2017
72 2019
73 2020
73 2024
72 2025
72 2026
73 2027
72 2028
72 2037
71 2038
71 2039
70 2040
71 2041
71 2042
70 2043
71 2044
71 2046
69 2048
70 2049
70 2055
69 2056
69 2058
68 2059
69 2059
70 2060
69 2061
69 2062
70 2063
69 2064
69 2066
68 2067
68 2069
69 2070
69 2074
68 2075
67 2075
66 2074
67 2073
66 2073
66 2074
67 2075
67 2079
68 2080
67 2081
68 2082
67 2083
66 2083
68 2085
68 2087
67 2088
66 2088
64 2086
64 2083
63 2084
63 2085
64 2086
64 2087
65 2087
66 2088
66 2089
67 2088
68 2089
68 2091
67 2092
66 2092
65 2093
65 2095
64 2096
64 2097
63 2098
64 2099
64 2100
65 2100
66 2099
67 2099
68 2100
68 2102
67 2103
66 2102
65 2102
64 2103
64 2105
62 2107
62 2108
63 2108
64 2107
65 2108
65 2109
64 2110
64 2112
65 2113
65 2114
64 2115
63 2114
62 2115
61 2114
57 2114
56 2115
57 2116
57 2118
56 2119
57 2120
55 2122
56 2122
57 2123
57 2124
56 2125
56 2127
57 2128
57 2129
58 2130
58 2131
59 2132
58 2133
58 2134
59 2135
58 2136
58 2137
59 2138
58 2139
59 2139
61 2141
61 2142
60 2143
62 2141
63 2141
64 2142
64 2143
63 2144
64 2143
65 2143
66 2144
65 2145
66 2145
68 2147
67 2148
67 2152
68 2153
66 2155
67 2155
68 2156
67 2157
67 2158
68 2159
67 2160
67 2161
68 2162
67 2163
67 2164
68 2165
67 2166
66 2166
64 2164
65 2163
65 2162
64 2162
63 2163
62 2162
62 2163
63 2163
65 2165
65 2166
64 2167
63 2167
62 2166
62 2165
61 2165
62 2166
62 2168
65 2168
65 2167
66 2166
67 2167
67 2170
68 2171
68 2173
67 2174
64 2174
66 2174
68 2176
68 2178
67 2179
65 2177
65 2176
64 2176
65 2177
65 2178
64 2179
64 2180
66 2182
66 2183
65 2184
64 2184
65 2184
66 2185
66 2189
67 2190
67 2191
68 2192
67 2193
68 2193
69 2194
67 2196
68 2197
68 2198
67 2199
67 2200
68 2199
69 2200
69 2202
69 2197
70 2196
71 2197
71 2198
72 2199
72 2201
73 2202
72 2203
73 2204
73 2205
72 2206
71 2205
71 2206
70 2207
69 2206
69 2204
69 2205
68 2206
68 2207
69 2208
68 2209
68 2210
71 2207
72 2207
73 2208
72 2209
72 2213
73 2214
72 2215
71 2215
72 2216
73 2216
75 2218
74 2219
73 2219
74 2220
74 2221
72 2223
70 2223
69 2222
70 2221
68 2223
69 2223
70 2224
70 2225
69 2226
71 2224
73 2224
74 2223
75 2224
75 2225
74 2226
73 2226
72 2227
73 2227
74 2228
74 2230
73 2231
71 2229
70 2229
70 2232
71 2232
72 2231
73 2231
74 2232
74 2233
73 2234
72 2234
73 2235
72 2236
72 2237
73 2237
73 2234
74 2233
75 2233
77 2235
75 2237
76 2237
77 2238
76 2239
76 2241
75 2242
73 2240
73 2239
73 2241
74 2242
73 2243
73 2244
74 2243
75 2243
76 2242
77 2243
77 2244
76 2245
76 2246
75 2247
74 2246
74 2247
75 2247
76 2248
76 2249
75 2250
75 2251
74 2252
74 2253
75 2253
76 2254
73 2257
74 2257
75 2258
74 2259
74 2260
75 2261
75 2262
75 2261
74 2260
74 2259
75 2258
74 2257
74 2256
75 2255
77 2257
77 2258
78 2258
79 2259
78 2260
77 2260
77 2262
78 2262
79 2261
80 2261
82 2259
82 2257
83 2256
84 2256
85 2257
84 2258
84 2259
85 2260
84 2259
85 2258
85 2254
86 2253
87 2254
87 2261
85 2263
83 2261
83 2263
82 2264
81 2263
80 2263
80 2264
79 2265
78 2265
77 2264
77 2265
79 2267
78 2268
79 2267
80 2267
81 2266
80 2266
79 2265
80 2264
82 2264
83 2265
83 2266
84 2265
85 2266
85 2267
84 2268
83 2268
82 2269
81 2269
82 2269
83 2268
84 2269
84 2271
82 2273
79 2270
79 2271
78 2272
78 2273
79 2272
81 2272
82 2273
77 2278
76 2277
77 2278
78 2277
79 2278
79 2279
78 2280
79 2279
80 2280
80 2281
79 2282
77 2282
76 2281
76 2282
77 2282
78 2283
77 2284
77 2285
76 2286
77 2285
77 2284
78 2283
79 2283
80 2284
80 2285
81 2285
82 2286
80 2288
79 2287
78 2287
78 2288
79 2287
81 2289
81 2290
78 2293
79 2292
80 2292
81 2293
81 2294
82 2295
81 2296
82 2296
84 2298
83 2299
83 2301
85 2303
85 2306
86 2307
85 2308
85 2309
83 2311
80 2308
81 2307
81 2306
80 2306
81 2307
80 2308
80 2313
81 2312
82 2312
83 2311
84 2311
85 2312
85 2313
84 2314
84 2316
85 2316
86 2315
87 2316
87 2317
88 2318
87 2319
87 2320
88 2321
88 2323
89 2324
88 2325
87 2325
84 2328
85 2328
85 2327
86 2326
87 2326
88 2325
89 2326
89 2327
90 2328
90 2330
89 2331
88 2331
87 2330
88 2329
87 2329
86 2330
84 2330
84 2331
85 2331
86 2332
85 2333
85 2334
86 2335
86 2336
88 2336
90 2334
91 2335
91 2336
90 2337
90 2338
91 2338
92 2339
91 2340
91 2341
90 2342
90 2343
91 2343
92 2344
91 2345
89 2345
88 2344
87 2344
89 2346
91 2346
92 2347
89 2350
88 2350
89 2350
90 2349
91 2349
93 2347
95 2349
95 2350
94 2351
93 2351
94 2352
93 2353
94 2352
95 2352
96 2353
96 2354
97 2355
96 2356
96 2357
98 2359
98 2363
100 2365
100 2367
101 2368
101 2371
102 2372
102 2373
103 2374
103 2376
104 2377
104 2378
103 2379
102 2378
101 2378
100 2377
99 2378
98 2377
97 2377
96 2376
97 2377
97 2380
97 2379
98 2378
100 2378
101 2379
101 2380
103 2380
103 2379
104 2378
105 2379
105 2380
106 2381
106 2382
108 2382
109 2383
109 2384
111 2386
111 2387
110 2388
109 2387
108 2387
107 2388
106 2388
105 2389
104 2389
103 2390
102 2389
102 2388
105 2385
106 2385
106 2384
105 2384
103 2382
103 2383
104 2383
105 2384
105 2385
104 2386
103 2386
102 2387
101 2386
101 2384
101 2387
100 2388
101 2389
101 2394
102 2393
103 2394
103 2396
104 2396
105 2397
104 2398
103 2398
104 2398
105 2399
106 2398
107 2399
107 2398
108 2397
107 2398
106 2397
106 2395
108 2393
110 2393
111 2394
110 2395
109 2395
110 2396
110 2395
111 2394
110 2393
111 2392
113 2392
114 2393
114 2394
113 2395
113 2396
112 2397
112 2398
113 2399
114 2399
115 2398
116 2399
1079 2399
1079 2258
1078 2257
1079 2256
1078 2256
1077 2255
1077 2254
1079 2252
1078 2252
1078 2253
1077 2254
1076 2253
1076 2252
1075 2251
1075 2249
1072 2246
1072 2244
1069 2241
1069 2240
1068 2239
1068 2238
1067 2237
1067 2236
1066 2235
1066 2234
1065 2233
1065 2232
1066 2231
1067 2232
1068 2232
1069 2233
1068 2232
1068 2229
1066 2229
1064 2227
1063 2227
1062 2226
1062 2224
1061 2223
1061 2222
1060 2221
1060 2220
1061 2219
1062 2219
1063 2220
1063 2222
1063 2220
1061 2218
1060 2218
1059 2217
1060 2216
1060 2215
1059 2215
1058 2214
1058 2211
1057 2210
1057 2208
1056 2207
1056 2205
1055 2204
1055 2203
1054 2202
1054 2201
1053 2200
1053 2198
1052 2197
1052 2196
1051 2195
1051 2194
1050 2193
1050 2192
1049 2191
1049 2190
1048 2189
1048 2188
1047 2187
1047 2186
1046 2185
1046 2184
1045 2183
1045 2182
1044 2181
1044 2180
1043 2179
1043 2178
1041 2176
1041 2175
1040 2174
1040 2173
1038 2171
1038 2170
1037 2169
1037 2168
1035 2166
1035 2165
1034 2164
1034 2163
1032 2161
1032 2160
1030 2158
1030 2157
1027 2154
1028 2153
1027 2152
1027 2151
1026 2150
1025 2150
1024 2151
1023 2150
1023 2149
1022 2148
1022 2147
1023 2146
1023 2145
1022 2144
1022 2143
1023 2142
1021 2140
1022 2141
1022 2142
1021 2143
1021 2144
1022 2145
1022 2146
1021 2147
1013 2139
1013 2138
1011 2136
1012 2135
1010 2135
1008 2133
1008 2132
1009 2131
1008 2132
1007 2132
1006 2131
1007 2130
1007 2128
1008 2127
1005 2130
1004 2129
1004 2128
1003 2128
1002 2127
1002 2125
1001 2126
999 2124
999 2123
997 2121
997 2120
996 2119
996 2118
995 2117
995 2116
992 2113
993 2112
993 2111
992 2112
991 2111
991 2110
990 2109
989 2109
988 2108
988 2107
987 2106
988 2105
989 2105
989 2104
990 2103
992 2103
993 2104
993 2105
992 2106
993 2105
994 2105
994 2104
993 2104
992 2103
992 2102
991 2103
990 2103
989 2102
991 2100
991 2099
990 2098
990 2099
991 2100
990 2101
989 2101
988 2100
989 2101
987 2103
986 2102
985 2102
984 2101
984 2100
983 2099
983 2098
981 2096
981 2094
979 2092
979 2091
978 2090
978 2089
976 2087
976 2086
975 2085
975 2084
973 2082
973 2081
972 2080
972 2078
970 2076
970 2075
969 2074
969 2073
967 2071
967 2070
965 2068
965 2067
963 2065
963 2064
962 2063
962 2061
959 2058
959 2057
958 2056
958 2055
956 2053
956 2052
955 2051
955 2050
953 2048
953 2047
951 2045
951 2044
950 2043
950 2042
949 2041
949 2036
948 2035
948 2033
947 2032
947 2031
946 2030
946 2029
947 2028
949 2030
948 2029
948 2028
947 2028
946 2029
944 2029
942 2027
942 2026
943 2025
944 2026
944 2024
945 2023
946 2024
946 2025
946 2024
945 2023
944 2023
943 2022
943 2021
942 2020
942 2024
941 2025
939 2023
939 2021
938 2020
938 2019
939 2018
938 2018
937 2017
937 2015
936 2014
937 2013
937 2012
937 2013
936 2014
935 2014
934 2015
933 2014
933 2013
934 2012
933 2012
932 2011
934 2009
935 2010
934 2009
934 2007
933 2007
931 2005
931 2004
929 2002
928 2002
925 1999
925 1997
924 1997
923 1996
923 1995
922 1995
921 1994
921 1993
919 1991
919 1990
917 1988
917 1985
916 1985
914 1983
914 1982
910 1978
910 1976
908 1974
909 1973
908 1974
907 1973
907 1972
906 1971
907 1970
906 1969
906 1968
905 1967
905 1966
903 1964
903 1962
901 1960
901 1959
900 1958
900 1957
899 1956
899 1955
898 1954
898 1953
899 1952
899 1951
900 1950
901 1950
902 1951
902 1950
901 1949
901 1948
900 1948
899 1949
898 1948
898 1947
896 1945
896 1944
897 1943
896 1943
896 1946
899 1949
899 1952
898 1953
897 1952
897 1951
895 1949
895 1948
893 1946
893 1945
892 1944
892 1943
893 1942
894 1942
895 1941
895 1940
894 1939
893 1940
892 1940
892 1941
893 1942
892 1943
891 1943
889 1941
889 1940
888 1939
888 1938
887 1937
887 1936
885 1934
885 1933
883 1931
883 1930
879 1926
879 1923
880 1922
881 1922
882 1923
882 1924
882 1923
881 1922
881 1921
880 1920
881 1919
881 1918
880 1918
879 1919
878 1919
878 1920
877 1921
874 1918
874 1917
872 1915
872 1914
871 1913
871 1912
869 1910
869 1908
868 1907
868 1906
866 1904
866 1903
864 1901
864 1900
863 1899
863 1898
862 1897
862 1896
861 1895
861 1894
860 1893
860 1892
858 1890
858 1888
857 1887
857 1884
856 1883
856 1882
855 1881
855 1880
854 1879
854 1878
853 1877
854 1876
852 1874
852 1868
851 1867
851 1863
850 1862
850 1861
852 1859
853 1860
853 1864
854 1865
854 1867
854 1865
853 1864
853 1863
854 1862
855 1863
854 1862
854 1861
852 1859
852 1858
851 1859
850 1858
850 1853
851 1852
853 1852
852 1852
850 1850
851 1849
852 1849
851 1848
851 1847
852 1846
853 1846
853 1845
854 1844
853 1843
853 1841
852 1840
852 1839
851 1838
850 1838
849 1837
849 1835
848 1834
848 1832
849 1831
849 1829
847 1827
847 1825
845 1823
845 1822
844 1821
845 1820
843 1818
843 1817
842 1816
843 1815
841 1813
841 1808
840 1807
840 1804
841 1803
842 1804
842 1805
843 1806
843 1807
844 1807
843 1806
843 1805
841 1803
840 1804
839 1803
839 1801
838 1800
838 1798
839 1797
841 1799
841 1797
838 1794
838 1792
837 1791
837 1788
836 1787
836 1785
835 1784
835 1777
834 1776
834 1769
833 1768
833 1766
832 1765
833 1764
833 1763
832 1762
832 1752
831 1751
832 1750
832 1748
833 1747
832 1746
832 1745
831 1744
831 1743
830 1742
830 1741
829 1740
829 1736
828 1736
827 1735
827 1734
826 1733
827 1732
827 1730
826 1729
826 1727
827 1726
828 1727
826 1725
827 1726
826 1727
825 1727
822 1724
822 1722
823 1721
824 1722
825 1722
826 1723
826 1722
823 1719
823 1717
821 1715
822 1714
822 1712
820 1710
820 1709
818 1707
818 1705
819 1704
820 1705
820 1704
819 1703
819 1702
817 1700
817 1699
813 1695
814 1694
815 1694
816 1695
817 1695
817 1694
816 1693
816 1692
815 1691
815 1690
814 1690
813 1689
813 1688
812 1688
806 1682
806 1681
807 1680
808 1681
807 1680
807 1679
808 1678
809 1678
810 1679
811 1679
812 1678
810 1678
809 1677
809 1675
808 1675
804 1671
804 1670
803 1669
803 1668
799 1664
800 1663
800 1660
801 1659
803 1661
803 1662
804 1663
804 1665
805 1666
805 1667
805 1666
806 1665
807 1666
807 1667
807 1666
806 1665
807 1664
808 1664
806 1662
807 1661
808 1661
809 1662
810 1662
811 1663
811 1664
810 1665
810 1666
813 1666
814 1667
814 1668
815 1668
816 1669
815 1670
815 1672
815 1670
816 1669
818 1671
818 1673
819 1674
819 1675
820 1675
822 1677
822 1679
823 1680
823 1681
825 1683
825 1684
824 1685
825 1686
825 1687
826 1688
828 1688
829 1689
829 1688
827 1686
827 1685
826 1684
826 1679
825 1678
825 1677
824 1676
824 1675
822 1673
822 1672
821 1671
821 1661
819 1663
818 1663
817 1662
817 1661
818 1660
819 1660
819 1658
818 1658
817 1657
818 1656
817 1655
817 1654
818 1653
818 1652
817 1651
817 1650
818 1649
817 1649
816 1648
817 1647
816 1646
817 1645
817 1644
816 1643
817 1642
816 1642
815 1641
815 1640
814 1639
814 1635
813 1634
813 1631
812 1630
812 1629
813 1628
810 1625
810 1623
809 1622
809 1621
808 1621
807 1620
807 1617
806 1617
805 1616
806 1615
807 1615
807 1614
806 1614
805 1615
804 1614
804 1612
805 1611
803 1609
804 1608
804 1607
803 1606
803 1604
802 1603
802 1602
803 1601
803 1599
802 1598
803 1597
803 1595
802 1594
802 1593
801 1592
802 1591
802 1590
801 1589
801 1586
800 1585
800 1584
799 1583
799 1581
797 1579
797 1578
796 1577
796 1576
795 1575
795 1573
794 1573
792 1571
793 1570
792 1569
791 1569
790 1568
791 1567
791 1566
790 1566
789 1565
789 1564
787 1562
787 1561
786 1560
786 1559
785 1559
784 1558
785 1557
784 1557
783 1556
782 1556
781 1555
781 1554
780 1554
779 1553
779 1551
778 1550
779 1549
778 1548
779 1547
779 1546
778 1545
779 1544
779 1543
778 1542
778 1541
780 1539
778 1537
778 1535
777 1534
777 1533
778 1532
778 1531
776 1529
777 1528
778 1528
777 1527
777 1524
776 1523
776 1522
775 1521
775 1520
774 1519
774 1517
772 1515
772 1513
770 1511
770 1510
765 1505
765 1504
764 1505
763 1504
763 1503
764 1502
763 1501
760 1501
759 1500
758 1500
757 1499
749 1499
747 1497
747 1496
746 1495
746 1493
745 1493
744 1492
745 1491
745 1489
744 1488
744 1487
742 1485
743 1484
743 1483
741 1481
740 1482
739 1481
739 1480
740 1479
740 1478
739 1478
738 1477
738 1475
737 1474
737 1472
735 1470
735 1469
734 1469
733 1468
734 1467
734 1466
733 1465
734 1464
733 1463
733 1462
732 1461
732 1459
731 1458
731 1457
730 1456
730 1455
729 1454
729 1452
728 1451
728 1450
727 1449
727 1448
725 1446
725 1445
724 1444
724 1442
725 1441
725 1439
726 1438
725 1437
726 1436
726 1432
727 1431
727 1423
726 1422
726 1414
725 1413
726 1412
726 1409
725 1408
726 1407
725 1406
725 1399
726 1398
726 1390
725 1389
726 1388
726 1379
727 1378
726 1377
727 1376
727 1360
728 1359
728 1353
729 1352
729 1339
728 1338
728 1333
727 1332
727 1329
726 1328
726 1326
725 1325
725 1323
724 1322
724 1321
723 1320
723 1318
722 1317
722 1316
720 1314
720 1312
719 1311
719 1310
718 1309
718 1306
717 1305
717 1303
716 1302
716 1301
715 1300
715 1298
714 1297
714 1294
713 1293
713 1291
712 1290
712 1288
711 1287
711 1283
710 1282
710 1280
709 1279
709 1277
708 1276
708 1272
707 1271
707 1267
706 1266
706 1262
705 1261
705 1260
706 1259
705 1258
705 1253
706 1252
706 1249
707 1248
707 1246
708 1245
708 1244
710 1242
710 1241
712 1239
712 1238
713 1237
714 1237
716 1235
717 1235
718 1234
719 1234
721 1232
723 1232
724 1231
725 1231
726 1230
727 1230
729 1228
730 1228
731 1227
732 1227
734 1225
735 1225
739 1221
740 1221
750 1211
750 1210
753 1207
753 1206
755 1204
755 1203
756 1202
756 1201
757 1200
757 1199
758 1198
758 1197
760 1195
760 1194
761 1193
761 1192
762 1191
762 1189
763 1188
763 1187
764 1186
764 1185
765 1184
765 1183
767 1181
767 1180
768 1179
768 1178
769 1177
769 1176
770 1175
770 1174
771 1173
771 1171
772 1170
772 1169
773 1168
773 1167
774 1166
774 1165
775 1164
775 1163
777 1161
777 1160
778 1159
778 1158
779 1157
779 1156
781 1154
781 1153
783 1151
783 1150
785 1148
785 1147
786 1146
786 1145
789 1142
789 1141
791 1139
791 1138
792 1137
792 1136
794 1134
794 1133
795 1132
795 1131
796 1130
796 1129
797 1128
797 1127
798 1126
798 1125
799 1124
799 1123
801 1121
801 1119
802 1118
802 1116
803 1115
803 1113
804 1112
804 1110
805 1109
805 1107
806 1106
806 1104
807 1103
807 1101
808 1100
808 1098
809 1097
809 1094
810 1093
810 1090
811 1089
811 1085
812 1084
812 1078
813 1077
813 1070
814 1069
814 1034
813 1033
813 1020
812 1019
812 995
811 994
811 987
810 986
810 983
809 982
809 981
808 980
808 979
807 978
807 977
806 976
806 974
805 973
805 971
804 970
804 968
803 967
803 963
802 962
802 959
801 958
801 956
800 955
800 953
799 952
799 947
798 947
797 948
797 950
796 951
795 950
795 949
794 948
795 947
794 946
794 945
793 945
795 947
794 948
793 948
793 950
794 951
794 952
795 953
794 954
793 954
794 955
794 956
793 957
794 958
793 959
793 960
792 961
791 961
790 962
790 963
789 964
789 965
791 965
792 966
791 967
787 967
786 966
786 964
788 962
788 961
790 959
790 958
789 957
790 956
790 954
788 956
786 954
786 952
787 951
787 948
786 947
786 946
787 945
787 944
786 943
786 941
785 942
783 940
786 937
787 937
789 935
789 933
786 933
785 932
787 930
788 930
788 928
786 926
785 926
783 928
782 928
781 927
780 927
779 926
780 925
781 925
783 923
784 923
784 922
782 922
781 923
780 923
779 922
778 922
777 923
776 923
775 922
775 921
774 921
773 920
774 919
774 918
773 918
772 917
772 916
775 913
775 912
777 910
777 908
778 907
779 908
780 908
781 909
781 910
779 912
782 912
783 913
785 913
786 914
786 915
787 916
788 916
789 917
789 918
790 919
790 921
793 924
794 924
795 925
797 923
797 921
798 920
798 918
797 917
798 916
798 915
797 914
798 913
798 872
799 871
799 869
800 868
800 867
801 866
801 865
803 863
803 862
804 861
804 860
805 859
805 857
806 856
806 853
807 852
807 850
808 849
808 847
809 846
808 845
808 844
809 843
809 840
810 839
809 838
809 828
808 827
808 819
809 818
808 817
808 809
807 808
807 799
806 798
806 792
805 791
805 788
804 787
804 783
803 782
803 778
802 777
802 774
801 773
801 770
800 769
800 767
799 766
799 762
798 761
798 758
797 757
797 752
796 751
796 746
795 745
795 742
794 741
794 739
793 738
793 735
792 734
792 731
791 730
791 727
790 726
790 724
789 723
789 721
788 720
788 718
787 717
787 715
786 714
786 713
785 712
785 711
784 710
784 708
783 707
783 706
781 704
781 703
780 702
780 701
778 699
778 698
776 696
776 695
775 694
775 693
774 692
774 691
773 690
773 688
772 687
772 685
771 684
771 683
770 682
770 680
769 679
769 677
768 676
768 675
767 674
767 672
766 671
766 669
765 668
765 667
764 666
764 664
763 663
763 662
762 661
762 660
761 659
761 658
759 656
759 654
758 653
758 652
757 651
757 650
756 649
756 648
755 647
755 646
754 645
754 643
753 642
753 641
752 640
752 639
751 638
751 637
750 636
750 635
748 633
748 632
746 630
746 629
745 628
745 627
733 615
732 615
731 614
730 614
728 612
727 612
726 611
724 611
723 610
719 610
718 609
715 609
714 608
710 608
709 607
702 607
701 606
684 606
683 607
681 607
680 608
678 608
677 609
675 609
674 610
673 610
671 612
670 612
667 615
667 616
665 618
665 619
664 620
664 621
663 622
663 623
662 624
662 626
661 627
661 629
660 630
660 635
659 636
659 644
658 645
658 649
657 650
657 655
656 656
656 658
655 659
656 660
656 661
655 662
655 666
654 667
654 676
653 677
653 687
652 688
652 699
651 700
651 703
650 704
650 707
649 708
649 711
648 712
648 714
647 715
647 718
646 719
646 722
645 723
645 725
644 726
644 729
643 730
643 732
642 733
642 734
641 735
641 736
640 737
640 738
639 739
639 740
638 741
638 742
637 743
637 745
636 746
636 747
635 748
635 749
634 750
634 751
633 752
633 753
632 754
632 756
630 758
630 760
628 762
628 763
627 764
627 765
626 766
626 771
625 772
625 782
626 783
626 787
627 788
627 791
628 792
627 793
627 796
626 797
626 799
625 800
625 802
624 803
624 805
623 806
623 807
622 808
622 809
621 810
621 811
619 813
619 814
618 815
618 818
615 821
615 822
614 823
614 824
613 825
613 826
611 828
611 830
610 831
610 832
607 835
607 836
606 837
606 839
605 840
605 841
604 842
604 845
603 846
604 847
604 848
603 849
604 850
603 851
603 852
604 852
605 853
605 854
604 855
604 857
602 859
602 860
603 861
602 862
601 862
598 865
599 865
600 864
601 864
602 865
602 866
601 867
605 863
606 863
605 862
606 861
608 861
608 860
609 859
609 858
610 857
611 857
612 858
613 858
613 856
614 855
615 856
616 856
617 855
618 855
619 856
619 857
617 859
617 860
618 860
619 861
617 863
620 860
621 861
621 864
620 865
619 865
617 867
617 868
616 869
616 872
615 873
614 872
614 870
613 870
613 873
612 874
612 875
611 876
610 875
609 875
609 879
608 880
606 878
606 879
605 880
605 882
604 883
604 885
603 886
602 885
602 882
601 882
601 887
600 888
599 887
599 889
597 891
595 891
594 890
594 895
593 896
592 896
591 895
591 894
590 894
591 895
589 897
587 897
586 896
586 895
585 894
584 894
584 895
583 896
583 897
584 897
585 896
586 897
586 898
585 899
584 899
583 900
582 900
581 901
581 905
580 906
580 907
579 908
578 907
578 906
576 904
576 903
576 904
574 906
573 906
574 906
575 907
574 908
574 912
573 913
572 912
572 911
570 909
570 910
571 911
570 912
569 912
569 913
568 914
568 921
567 922
567 923
566 924
566 925
565 926
564 926
564 927
558 933
557 933
556 934
553 934
552 933
554 931
554 930
553 930
552 931
551 931
549 933
548 932
548 931
546 931
545 930
546 929
545 930
544 929
544 928
542 930
541 929
540 929
539 930
537 930
533 934
532 934
531 935
523 935
522 934
523 933
522 933
521 934
520 933
517 933
516 934
510 934
509 933
508 934
507 933
507 932
506 932
505 933
504 932
504 931
505 930
507 930
508 929
509 930
510 930
509 929
509 928
511 926
512 926
512 925
513 924
513 922
512 921
512 920
510 918
509 918
506 921
506 922
508 922
507 921
509 919
511 919
512 920
512 921
513 922
512 923
512 925
509 928
507 928
506 929
505 929
504 930
504 931
503 932
501 932
499 930
498 930
497 931
495 929
493 929
492 928
491 928
491 929
490 930
487 930
485 928
484 928
485 928
486 929
485 930
483 930
482 929
481 929
480 928
479 928
478 927
479 926
480 926
479 926
478 927
477 927
476 926
472 926
473 926
474 927
473 928
467 928
466 927
465 927
464 926
463 927
461 927
460 926
460 925
460 926
459 927
457 927
454 924
454 925
453 926
452 926
451 927
448 927
445 924
442 924
443 924
444 925
443 926
441 926
440 927
438 927
437 926
438 925
439 925
435 925
434 924
433 925
431 925
430 924
429 924
428 925
423 925
422 924
420 924
422 924
423 925
423 926
422 927
421 927
420 926
419 926
418 925
416 927
415 926
413 926
412 925
412 926
411 927
410 927
409 926
408 926
407 927
403 927
402 926
401 926
400 925
399 925
398 926
396 924
396 923
395 923
394 924
393 923
392 924
390 922
386 922
385 921
384 921
383 920
382 920
381 919
378 919
377 918
376 918
376 919
375 920
374 920
373 919
372 919
371 920
370 919
370 920
369 921
365 917
365 916
366 915
366 913
367 912
367 910
366 909
366 879
365 878
365 869
364 868
364 866
365 865
365 864
366 863
367 864
367 866
368 867
368 871
370 873
370 876
371 877
371 878
371 877
370 876
370 875
371 874
370 873
370 869
372 867
373 868
374 867
376 867
377 866
378 866
380 864
381 864
381 863
382 862
382 861
383 860
383 841
382 840
382 833
381 832
381 826
380 825
380 818
379 817
379 812
378 811
378 806
377 805
377 801
376 800
376 796
375 795
375 792
374 791
374 787
373 786
373 781
372 780
372 756
371 755
371 751
370 750
370 745
369 744
369 739
368 738
368 734
367 733
367 730
366 729
366 726
365 725
365 724
364 723
364 719
363 718
363 713
362 712
362 703
361 702
362 701
362 700
361 699
361 694
362 693
361 692
362 691
362 682
363 681
363 675
364 674
364 669
365 668
365 662
366 661
366 658
367 657
367 651
368 650
368 648
369 647
369 640
370 639
370 633
371 632
371 626
372 625
372 620
373 619
373 606
372 605
372 600
371 599
371 597
370 596
370 595
369 594
369 593
368 592
368 591
367 590
367 589
364 586
364 585
361 582
360 582
359 581
357 581
356 580
352 580
351 579

