548 954
547 955
541 955
540 956
539 956
539 957
540 957
541 958
541 959
540 960
539 960
540 961
543 961
544 962
544 963
543 964
543 965
544 965
545 966
545 971
544 972
542 970
540 970
536 966
536 965
535 965
533 963
532 963
530 965
527 965
527 966
526 967
526 968
528 970
528 971
527 972
526 971
524 973
522 973
522 974
520 976
519 976
518 977
517 977
517 979
515 981
514 981
512 983
509 983
508 982
507 982
506 981
504 981
503 980
502 980
501 981
500 981
499 980
499 978
498 977
496 977
495 976
493 976
492 975
492 974
492 976
493 977
493 979
492 980
493 981
493 985
492 986
493 987
493 988
494 989
494 990
495 989
496 990
496 993
497 994
496 995
498 997
496 999
497 1000
497 1001
495 1003
487 1003
485 1001
483 1003
481 1001
481 1000
479 1000
478 999
478 998
477 997
477 996
476 996
474 994
473 995
471 995
470 994
470 993
471 992
472 993
472 991
471 992
470 991
467 991
467 992
466 993
466 994
465 995
465 996
466 997
466 998
465 999
465 1003
464 1004
462 1002
463 1001
463 1000
463 1001
462 1002
461 1002
459 1000
458 1001
457 1000
456 1000
455 999
455 997
453 995
454 996
454 998
453 999
452 999
451 998
451 995
449 993
447 993
446 992
447 991
446 992
446 996
445 997
444 996
444 995
441 995
439 993
439 992
440 991
440 990
441 989
443 991
443 993
444 993
444 992
442 990
442 989
440 987
439 988
438 988
437 989
437 991
436 992
435 991
434 991
433 990
434 989
435 989
435 988
436 987
435 988
434 988
432 986
432 985
431 985
430 984
429 984
428 985
426 983
427 982
427 981
426 981
425 980
426 979
425 980
425 984
424 985
425 984
427 986
427 987
428 987
435 994
434 995
433 995
433 996
434 997
435 997
436 998
435 999
434 999
433 1000
433 1001
432 1002
427 1002
426 1001
427 1002
429 1002
430 1003
430 1004
429 1005
427 1005
418 996
417 996
416 997
415 996
415 995
414 996
413 996
411 994
411 993
408 993
407 994
405 994
404 993
403 993
402 992
400 992
400 993
401 994
400 995
399 995
398 994
399 995
398 996
400 998
400 1000
401 1001
402 1001
403 1002
407 1002
408 1003
407 1004
403 1004
404 1004
408 1008
409 1008
410 1009
413 1009
414 1010
413 1011
410 1011
409 1012
406 1012
405 1013
404 1013
403 1012
403 1009
402 1008
402 1007
396 1007
395 1008
394 1007
394 1006
393 1006
392 1007
391 1007
394 1007
395 1008
394 1009
385 1009
384 1010
382 1010
380 1008
381 1007
382 1007
383 1008
384 1007
388 1007
381 1007
380 1006
381 1007
380 1008
379 1008
378 1007
374 1007
373 1008
371 1008
370 1007
371 1006
372 1006
373 1005
370 1005
369 1006
367 1006
365 1004
365 1005
366 1006
365 1007
364 1007
362 1005
361 1005
360 1004
359 1005
358 1005
356 1007
355 1007
354 1006
355 1005
352 1005
351 1006
349 1006
348 1005
346 1005
345 1004
343 1004
342 1003
338 1003
337 1004
334 1004
334 1005
333 1006
332 1005
331 1005
331 1006
328 1009
327 1009
326 1010
325 1010
325 1011
324 1012
323 1012
321 1014
320 1014
319 1015
318 1015
317 1016
315 1016
315 1018
317 1018
318 1017
319 1017
320 1018
318 1020
317 1020
314 1023
313 1023
312 1024
310 1022
310 1021
311 1020
306 1020
304 1022
302 1022
301 1023
302 1024
302 1025
301 1026
297 1022
295 1022
295 1023
294 1024
294 1026
292 1028
291 1028
290 1027
288 1027
289 1028
288 1029
287 1029
285 1031
285 1032
284 1033
283 1032
282 1033
282 1034
281 1035
280 1035
279 1036
278 1036
277 1037
276 1036
272 1040
272 1041
268 1045
268 1046
267 1047
267 1051
268 1051
269 1052
265 1056
264 1056
263 1057
262 1057
260 1059
259 1059
257 1061
257 1064
256 1065
256 1068
255 1069
255 1071
254 1072
254 1074
252 1076
252 1079
251 1080
251 1081
250 1082
250 1087
248 1089
248 1098
247 1099
247 1105
246 1106
246 1109
245 1110
245 1114
246 1115
246 1117
245 1118
245 1123
246 1124
245 1125
245 1129
244 1130
244 1134
243 1135
243 1139
239 1143
239 1146
238 1147
238 1153
237 1154
237 1162
236 1163
236 1164
237 1165
237 1166
236 1167
236 1168
237 1169
237 1173
235 1175
235 1178
236 1179
236 1181
235 1182
235 1187
234 1188
234 1190
233 1191
233 1195
232 1196
232 1204
231 1205
231 1211
232 1212
232 1215
230 1217
230 1218
229 1219
229 1220
228 1221
228 1222
227 1223
226 1223
225 1224
224 1224
220 1228
219 1228
218 1229
216 1229
215 1230
215 1232
214 1233
214 1234
213 1235
212 1235
211 1236
211 1238
208 1241
208 1244
207 1245
207 1246
206 1247
206 1248
207 1249
206 1250
206 1251
200 1257
200 1258
197 1261
197 1263
195 1265
193 1265
192 1266
189 1266
189 1267
188 1268
185 1268
184 1269
183 1269
182 1270
180 1270
179 1271
174 1271
173 1272
171 1272
170 1273
167 1273
166 1274
163 1274
162 1273
159 1273
158 1274
156 1274
155 1275
152 1275
151 1276
150 1276
149 1277
146 1277
145 1278
144 1278
142 1280
141 1280
141 1283
142 1284
142 1287
143 1288
143 1293
144 1294
144 1299
146 1301
145 1302
145 1303
147 1305
147 1307
149 1309
150 1309
155 1314
155 1315
156 1316
156 1317
157 1318
157 1320
162 1325
162 1327
163 1328
163 1329
165 1331
165 1332
167 1332
168 1333
168 1336
167 1337
167 1339
168 1339
170 1341
170 1342
172 1344
172 1345
173 1346
174 1346
175 1347
175 1348
178 1348
179 1349
180 1349
181 1350
187 1350
188 1349
191 1349
192 1350
193 1350
194 1351
198 1351
200 1349
201 1349
203 1347
204 1347
205 1346
209 1346
210 1345
211 1346
211 1347
213 1349
215 1349
216 1348
218 1348
222 1352
222 1353
224 1355
224 1364
225 1365
225 1368
228 1371
228 1372
232 1376
233 1376
236 1379
237 1379
239 1381
241 1381
242 1382
243 1382
247 1386
249 1386
250 1387
250 1389
251 1390
251 1393
252 1394
252 1397
253 1398
253 1402
254 1403
254 1404
255 1405
255 1406
256 1407
256 1411
254 1413
253 1413
253 1414
252 1415
252 1416
253 1415
255 1415
256 1414
257 1415
257 1417
258 1418
258 1420
257 1421
256 1420
255 1420
255 1421
253 1423
252 1423
251 1424
250 1424
253 1424
254 1423
255 1423
256 1424
259 1424
260 1425
263 1425
264 1426
264 1427
263 1428
261 1428
260 1427
259 1427
260 1427
261 1428
263 1428
264 1427
265 1428
265 1429
264 1430
263 1430
263 1431
264 1431
265 1432
265 1433
266 1432
268 1432
268 1431
269 1430
270 1430
271 1429
273 1429
273 1428
275 1426
276 1427
276 1428
277 1428
278 1429
278 1430
277 1431
276 1430
275 1430
275 1431
277 1433
277 1431
278 1430
279 1430
281 1432
281 1433
280 1434
281 1435
280 1436
279 1436
279 1440
278 1441
280 1441
281 1442
280 1443
280 1444
281 1445
280 1446
279 1446
276 1449
274 1449
275 1450
275 1451
274 1452
274 1453
276 1453
278 1455
278 1457
277 1458
277 1459
279 1461
277 1463
276 1463
277 1464
278 1463
279 1464
279 1465
278 1466
278 1467
277 1468
277 1469
279 1471
277 1473
276 1473
275 1472
276 1471
275 1471
274 1472
274 1473
273 1474
272 1474
272 1475
271 1476
272 1477
270 1479
270 1481
271 1482
270 1483
270 1484
273 1484
274 1485
274 1484
271 1481
271 1480
272 1479
272 1476
274 1474
276 1474
277 1475
276 1474
277 1473
279 1473
280 1472
281 1472
282 1473
282 1474
283 1475
283 1476
282 1477
281 1477
280 1476
279 1476
280 1477
280 1478
281 1479
281 1480
280 1481
278 1479
278 1478
278 1479
277 1480
276 1480
277 1480
279 1482
280 1482
280 1481
281 1480
282 1481
282 1483
283 1484
283 1485
284 1486
284 1487
283 1488
283 1489
282 1490
284 1490
284 1489
285 1488
286 1489
286 1491
284 1493
283 1492
282 1492
284 1494
283 1495
283 1496
282 1497
282 1498
281 1499
280 1499
279 1500
279 1501
278 1502
278 1503
277 1504
277 1506
276 1507
275 1507
274 1508
272 1508
271 1509
270 1509
270 1510
271 1510
272 1509
273 1510
273 1511
271 1513
272 1513
273 1512
273 1510
274 1509
275 1509
276 1508
279 1508
280 1507
281 1507
282 1508
282 1509
283 1510
282 1511
282 1512
283 1512
283 1508
284 1507
285 1507
287 1509
287 1510
286 1511
286 1512
287 1513
286 1514
285 1514
285 1515
284 1516
285 1517
285 1518
283 1520
283 1521
282 1522
283 1522
284 1523
284 1522
283 1521
286 1518
286 1516
287 1515
287 1514
289 1512
290 1512
290 1511
291 1510
292 1510
293 1511
293 1512
292 1513
292 1514
291 1515
290 1514
290 1516
291 1517
291 1518
292 1519
289 1522
288 1522
288 1524
287 1525
289 1525
290 1526
290 1527
290 1526
289 1525
289 1524
291 1522
293 1524
292 1525
292 1527
293 1527
294 1526
295 1526
296 1527
296 1528
295 1529
293 1529
293 1530
292 1531
290 1531
290 1532
292 1532
293 1531
294 1531
295 1532
295 1533
293 1535
293 1541
292 1542
292 1546
293 1547
293 1548
292 1549
292 1550
293 1551
290 1554
289 1554
289 1555
291 1557
291 1558
290 1559
289 1558
291 1560
289 1562
288 1562
288 1564
290 1562
290 1561
291 1560
292 1560
291 1559
292 1558
291 1557
293 1555
292 1555
291 1554
291 1553
293 1551
294 1552
294 1553
298 1557
297 1556
297 1555
296 1554
296 1553
295 1552
298 1549
299 1550
299 1551
298 1552
299 1551
300 1552
300 1555
302 1557
300 1559
298 1559
297 1560
296 1560
297 1561
298 1560
299 1560
300 1561
300 1562
299 1563
301 1563
304 1566
306 1566
307 1567
309 1567
311 1569
309 1571
309 1572
310 1573
311 1573
311 1570
312 1569
313 1569
314 1568
315 1569
315 1570
316 1570
317 1569
318 1570
318 1571
317 1572
317 1573
318 1574
318 1576
317 1577
316 1576
316 1577
317 1578
317 1579
318 1579
319 1580
319 1581
318 1582
317 1581
319 1583
319 1585
318 1586
317 1585
317 1584
316 1584
317 1585
316 1586
316 1587
317 1587
319 1589
316 1592
317 1593
316 1594
316 1595
317 1596
315 1598
316 1599
316 1602
313 1605
312 1605
314 1607
313 1608
313 1609
312 1610
311 1610
311 1611
312 1612
311 1613
311 1616
312 1617
311 1618
311 1619
312 1619
313 1620
312 1621
311 1621
311 1622
312 1622
313 1623
313 1627
312 1628
312 1629
313 1628
315 1628
316 1629
317 1629
319 1627
320 1628
320 1630
321 1631
321 1632
320 1633
319 1632
317 1634
316 1633
316 1632
315 1632
314 1633
313 1632
313 1631
314 1630
313 1631
312 1631
311 1632
310 1631
310 1630
310 1633
311 1634
310 1635
310 1638
311 1639
310 1640
311 1641
310 1642
310 1643
311 1644
310 1645
310 1648
311 1648
313 1650
312 1651
311 1651
310 1650
309 1650
309 1652
310 1653
310 1655
309 1656
308 1656
307 1655
307 1654
306 1655
305 1654
305 1652
306 1651
306 1650
307 1649
306 1648
307 1649
306 1650
306 1651
305 1652
305 1653
304 1654
303 1653
303 1652
302 1651
302 1650
303 1649
302 1650
301 1650
302 1651
302 1652
301 1653
301 1655
300 1656
301 1657
301 1658
300 1659
300 1663
302 1665
302 1666
303 1666
304 1665
305 1665
306 1664
309 1664
310 1663
311 1663
312 1664
314 1664
315 1665
316 1665
320 1669
320 1670
321 1671
321 1673
322 1672
322 1659
323 1658
323 1644
324 1643
324 1641
325 1640
326 1641
326 1645
325 1646
325 1660
324 1661
325 1662
324 1663
324 1677
323 1678
323 1693
322 1694
321 1693
321 1688
321 1692
320 1693
320 1697
319 1698
319 1705
320 1706
320 1708
319 1709
319 1711
318 1712
318 1713
317 1714
318 1713
319 1714
319 1716
318 1717
317 1716
316 1717
316 1719
314 1721
314 1722
311 1725
311 1726
310 1727
312 1729
313 1729
314 1730
316 1730
317 1731
316 1732
311 1732
310 1731
308 1731
305 1734
303 1734
301 1736
298 1736
295 1739
287 1739
285 1741
281 1741
280 1742
279 1741
276 1741
272 1745
271 1745
269 1747
268 1747
267 1748
263 1748
262 1749
260 1749
259 1750
258 1750
257 1751
255 1751
255 1753
253 1755
253 1756
252 1757
251 1757
251 1758
250 1759
250 1763
248 1765
248 1766
247 1767
247 1768
246 1769
245 1769
242 1772
242 1773
240 1775
240 1777
239 1778
239 1779
236 1782
236 1789
235 1790
235 1791
234 1792
234 1793
230 1797
230 1800
229 1801
229 1830
230 1831
230 1833
228 1835
228 1837
227 1838
227 1842
226 1843
226 1846
227 1847
227 1861
229 1863
229 1866
230 1867
230 1870
231 1871
231 1872
232 1873
232 1874
233 1875
233 1880
234 1881
234 1886
236 1888
236 1892
239 1895
239 1899
240 1899
244 1903
244 1909
247 1912
247 1916
248 1916
249 1917
249 1920
250 1921
249 1922
249 1924
250 1925
250 1926
252 1928
252 1929
251 1930
251 1935
252 1936
252 1940
257 1945
257 1946
258 1947
258 1948
262 1952
262 1953
263 1954
263 1955
262 1956
263 1957
263 1958
264 1959
264 1961
265 1961
268 1964
268 1966
270 1968
269 1969
269 1970
270 1971
270 1974
272 1976
272 1977
273 1978
273 1979
274 1980
274 1982
275 1983
275 1984
276 1985
276 1986
277 1987
277 1990
279 1990
283 1994
283 1995
289 2001
290 2001
291 2002
293 2002
294 2003
295 2003
296 2004
297 2004
298 2005
300 2005
301 2006
303 2006
304 2007
305 2007
306 2008
308 2008
309 2009
312 2009
315 2012
316 2012
318 2014
320 2014
321 2015
323 2015
329 2009
329 2007
330 2006
330 2004
331 2003
330 2002
330 2001
333 1998
333 1997
334 1996
334 1994
337 1991
338 1991
339 1990
340 1991
340 1992
342 1992
354 1980
354 1979
353 1978
355 1976
356 1976
357 1975
359 1975
360 1974
361 1974
363 1972
364 1972
365 1971
366 1971
366 1970
368 1968
373 1968
375 1966
375 1965
376 1964
377 1964
378 1963
380 1963
382 1961
384 1961
386 1959
388 1959
388 1958
392 1954
393 1954
394 1955
395 1955
396 1954
401 1954
401 1953
402 1952
402 1946
401 1945
401 1937
400 1936
400 1918
401 1917
401 1912
402 1911
402 1910
403 1909
403 1908
407 1904
407 1903
410 1900
410 1897
412 1895
413 1895
413 1893
417 1889
417 1887
419 1885
419 1884
422 1881
422 1880
424 1878
424 1877
427 1874
428 1874
429 1873
430 1873
432 1871
433 1871
434 1870
435 1870
436 1869
437 1869
440 1866
440 1865
444 1861
445 1861
447 1859
448 1859
451 1856
452 1856
455 1853
457 1853
458 1852
459 1852
460 1851
461 1851
463 1849
466 1849
467 1848
468 1848
471 1845
472 1845
475 1842
476 1842
477 1841
478 1841
479 1840
481 1840
482 1839
485 1839
486 1838
488 1838
489 1837
491 1837
492 1836
493 1836
494 1835
498 1835
499 1834
502 1834
503 1833
510 1833
511 1832
514 1832
515 1831
517 1831
518 1830
519 1830
520 1829
525 1829
527 1827
532 1827
533 1826
534 1827
537 1827
540 1824
543 1824
544 1825
547 1825
548 1826
550 1826
551 1827
554 1827
555 1828
556 1828
557 1829
558 1829
560 1831
561 1831
562 1832
563 1832
566 1835
568 1835
572 1839
573 1839
575 1841
576 1841
594 1859
594 1860
596 1862
596 1863
602 1869
602 1870
604 1872
604 1873
605 1874
605 1875
606 1876
606 1877
607 1878
607 1879
608 1879
615 1886
615 1887
616 1888
616 1889
617 1890
617 1891
626 1900
626 1901
629 1904
630 1904
634 1908
634 1909
636 1911
636 1912
643 1919
643 1920
650 1927
651 1927
659 1935
660 1935
664 1939
665 1939
666 1940
666 1941
668 1943
669 1943
670 1944
671 1944
672 1945
673 1945
677 1949
678 1949
679 1950
679 1952
680 1953
680 1955
679 1956
679 1957
681 1959
682 1959
686 1963
687 1963
699 1975
699 1976
702 1979
702 1980
704 1982
704 1983
706 1985
706 1986
707 1987
707 1988
709 1990
709 1991
710 1992
710 1993
711 1994
711 1995
712 1996
712 1997
713 1998
713 1999
714 2000
714 2001
715 2002
715 2004
716 2005
716 2007
717 2008
717 2010
718 2011
718 2014
719 2015
719 2019
720 2020
720 2026
721 2027
721 2041
720 2042
720 2046
719 2047
719 2050
718 2051
718 2053
717 2054
717 2056
716 2057
716 2058
715 2059
715 2061
714 2062
714 2063
713 2064
713 2065
712 2066
712 2067
711 2068
711 2070
709 2072
709 2073
708 2074
708 2075
707 2076
707 2077
706 2078
706 2079
705 2080
705 2081
704 2082
704 2083
703 2084
703 2085
702 2086
702 2087
700 2089
700 2090
699 2091
699 2092
698 2093
698 2094
697 2095
697 2096
696 2097
696 2098
694 2100
694 2101
693 2102
693 2103
692 2104
692 2105
691 2106
691 2107
689 2109
689 2110
687 2112
687 2113
686 2114
686 2115
683 2118
683 2119
681 2121
681 2122
679 2124
679 2125
677 2127
677 2128
675 2130
675 2131
673 2133
673 2134
672 2135
672 2136
671 2137
671 2138
670 2139
670 2141
671 2142
671 2143
672 2143
673 2144
673 2145
675 2145
677 2147
677 2149
680 2149
681 2148
682 2148
682 2146
681 2145
682 2144
683 2144
684 2143
684 2141
685 2140
685 2136
686 2135
686 2134
687 2133
687 2131
689 2129
689 2127
690 2126
691 2127
692 2127
694 2125
694 2123
698 2119
700 2119
701 2118
702 2118
702 2117
703 2116
703 2115
704 2114
705 2114
705 2111
706 2110
706 2109
708 2107
708 2105
710 2103
710 2101
711 2100
711 2099
712 2098
713 2098
713 2097
714 2096
715 2096
715 2095
717 2093
717 2092
719 2090
719 2089
721 2087
721 2085
723 2083
724 2083
724 2081
726 2079
726 2078
728 2076
729 2076
729 2073
731 2071
731 2069
730 2068
730 2065
731 2064
731 2062
732 2061
732 2058
733 2057
733 2054
734 2053
734 2049
735 2048
735 2046
736 2045
736 2044
737 2043
737 2042
738 2041
738 2039
739 2038
739 2030
740 2029
740 2027
739 2026
739 2025
740 2024
740 2014
741 2013
741 2011
740 2010
741 2009
741 2008
742 2007
742 2006
741 2005
742 2004
742 2002
739 1999
739 1997
736 1994
736 1993
734 1991
734 1989
733 1988
733 1985
732 1984
732 1983
730 1981
730 1979
729 1978
729 1973
728 1972
728 1970
727 1969
727 1967
726 1966
726 1965
725 1964
725 1962
718 1955
716 1955
714 1953
714 1951
713 1950
713 1949
710 1946
710 1945
709 1944
709 1943
708 1943
707 1942
706 1942
703 1939
703 1938
700 1935
700 1934
696 1930
696 1929
693 1926
693 1925
690 1922
690 1920
687 1917
687 1916
686 1915
686 1914
685 1913
685 1912
684 1911
684 1910
683 1909
683 1908
682 1907
682 1905
681 1904
681 1892
679 1890
679 1889
677 1887
677 1885
676 1884
676 1882
675 1881
675 1879
673 1877
673 1875
672 1874
672 1873
670 1871
670 1870
669 1869
669 1868
666 1865
666 1864
665 1863
665 1860
664 1859
664 1857
663 1856
663 1854
661 1852
661 1849
660 1848
660 1842
659 1841
659 1834
658 1833
658 1830
659 1829
659 1822
658 1821
658 1818
659 1817
659 1816
658 1815
658 1809
659 1808
659 1805
658 1804
659 1803
659 1794
660 1793
660 1792
659 1791
659 1789
660 1788
660 1784
664 1780
664 1778
665 1777
665 1775
666 1774
666 1773
668 1771
668 1770
669 1769
669 1768
670 1767
670 1766
671 1765
671 1763
673 1761
673 1760
675 1758
675 1756
676 1755
676 1754
681 1749
681 1748
683 1746
683 1745
684 1744
684 1743
697 1730
697 1729
707 1719
708 1719
709 1718
710 1719
710 1720
712 1722
715 1722
716 1723
721 1723
722 1724
723 1724
730 1731
731 1731
732 1732
734 1732
736 1734
736 1735
739 1738
740 1738
742 1740
743 1740
744 1741
746 1741
747 1742
748 1742
752 1746
753 1746
754 1747
755 1747
757 1749
759 1749
760 1750
760 1751
761 1752
762 1752
763 1753
766 1753
767 1754
768 1754
769 1755
770 1755
771 1756
772 1756
775 1759
776 1759
782 1765
783 1765
788 1770
790 1770
792 1772
794 1772
795 1773
796 1773
797 1774
799 1774
803 1778
805 1778
807 1780
810 1780
811 1781
814 1781
815 1782
819 1782
820 1783
828 1783
829 1784
841 1784
842 1785
860 1785
861 1784
862 1785
863 1785
864 1784
876 1784
877 1783
884 1783
885 1782
889 1782
890 1781
898 1781
899 1780
909 1780
910 1779
926 1779
927 1778
928 1778
928 1776
927 1775
927 1768
926 1767
926 1764
925 1763
925 1760
924 1759
924 1757
923 1756
923 1755
921 1753
921 1752
919 1750
919 1746
917 1746
916 1745
916 1744
915 1744
911 1740
911 1739
910 1738
910 1737
908 1735
908 1734
904 1730
904 1729
903 1728
903 1727
902 1727
899 1724
899 1723
898 1723
896 1721
896 1720
895 1719
894 1719
893 1718
893 1716
892 1715
892 1714
891 1714
890 1713
890 1712
889 1712
887 1710
887 1708
883 1704
883 1702
880 1699
880 1697
879 1697
876 1694
876 1693
872 1689
872 1688
871 1687
871 1686
870 1685
870 1681
873 1678
874 1678
874 1677
875 1676
876 1676
878 1674
879 1674
883 1670
883 1669
888 1664
889 1664
891 1662
892 1662
893 1661
893 1660
897 1656
900 1656
901 1655
901 1654
903 1652
904 1652
907 1649
907 1646
910 1643
910 1640
908 1638
904 1638
903 1639
900 1639
899 1638
895 1638
894 1639
891 1639
890 1638
891 1637
893 1637
894 1636
896 1636
892 1636
891 1637
889 1637
888 1638
890 1638
891 1639
889 1641
888 1641
887 1642
886 1642
885 1643
884 1643
883 1644
882 1644
881 1643
880 1643
878 1641
876 1641
875 1640
874 1640
872 1638
872 1637
873 1636
874 1637
876 1637
877 1638
879 1638
878 1638
876 1636
875 1637
874 1636
873 1636
872 1637
870 1635
871 1634
873 1634
871 1634
869 1632
869 1631
868 1631
867 1630
867 1629
867 1630
866 1631
865 1630
865 1629
864 1628
865 1627
865 1625
864 1624
863 1625
862 1624
862 1622
861 1621
861 1620
860 1619
861 1618
862 1618
862 1617
860 1619
859 1618
859 1616
858 1615
858 1614
857 1613
857 1612
854 1609
854 1608
855 1607
856 1608
856 1607
855 1607
854 1608
850 1604
847 1604
846 1603
841 1603
840 1602
841 1601
842 1601
841 1600
840 1601
837 1598
836 1598
835 1597
835 1596
834 1596
833 1595
832 1595
831 1594
831 1593
830 1593
828 1591
828 1590
827 1589
828 1590
828 1591
827 1592
825 1590
825 1589
824 1588
822 1588
821 1587
821 1586
822 1585
823 1586
823 1585
821 1583
821 1582
819 1580
819 1579
818 1578
818 1575
817 1574
817 1564
818 1563
818 1561
819 1560
820 1560
820 1558
821 1557
821 1556
822 1555
823 1555
828 1550
829 1550
830 1549
831 1549
832 1550
832 1551
833 1551
833 1550
832 1549
833 1548
835 1548
836 1547
843 1547
844 1548
847 1548
848 1549
849 1548
850 1549
851 1549
852 1550
853 1550
853 1549
852 1548
853 1547
853 1545
852 1545
853 1546
852 1547
851 1547
850 1546
850 1543
849 1542
849 1541
850 1540
851 1541
851 1540
850 1539
850 1537
851 1536
850 1535
850 1534
851 1533
851 1531
852 1530
852 1525
851 1524
851 1523
850 1522
850 1521
849 1520
849 1519
848 1518
848 1517
847 1516
847 1515
846 1514
846 1513
845 1512
845 1511
846 1510
847 1511
847 1508
846 1507
847 1506
844 1503
844 1502
842 1500
842 1498
841 1497
841 1495
840 1494
841 1493
841 1492
842 1491
843 1491
843 1487
844 1486
845 1486
844 1485
844 1484
841 1481
842 1480
843 1480
843 1478
842 1477
842 1476
843 1475
843 1473
844 1472
844 1470
845 1469
845 1466
846 1465
846 1464
845 1463
845 1462
848 1459
850 1459
851 1458
852 1459
853 1458
854 1459
854 1456
853 1455
853 1454
854 1453
855 1454
856 1453
856 1451
857 1450
856 1451
855 1450
855 1449
856 1448
857 1448
857 1445
856 1444
858 1442
860 1442
861 1441
862 1441
862 1440
863 1439
864 1440
865 1439
865 1436
864 1435
864 1434
863 1433
864 1432
865 1432
866 1433
865 1432
865 1431
866 1430
866 1428
867 1427
868 1427
868 1425
867 1425
866 1424
866 1421
867 1420
867 1418
867 1420
866 1421
865 1420
865 1418
864 1417
864 1416
863 1415
863 1413
864 1412
866 1414
866 1416
866 1414
867 1413
866 1412
866 1410
865 1410
864 1409
864 1407
863 1406
863 1402
862 1401
861 1401
860 1400
861 1399
861 1396
860 1395
860 1393
861 1392
861 1391
860 1391
859 1390
859 1388
860 1387
859 1386
859 1385
861 1383
859 1383
858 1382
858 1381
859 1380
859 1379
858 1379
857 1378
857 1374
856 1373
856 1372
855 1372
854 1371
854 1369
855 1368
856 1369
857 1369
857 1368
858 1367
858 1366
858 1367
857 1368
856 1367
856 1365
854 1363
854 1362
853 1361
853 1360
852 1359
852 1358
851 1357
851 1354
852 1353
853 1353
857 1357
858 1357
856 1355
856 1354
854 1352
853 1352
852 1351
853 1350
853 1346
854 1345
857 1348
858 1347
860 1349
861 1349
862 1350
863 1350
853 1340
854 1339
855 1339
854 1338
854 1339
853 1340
852 1340
851 1339
852 1338
851 1337
851 1332
850 1332
849 1331
850 1330
850 1329
851 1328
852 1329
853 1329
854 1330
855 1330
855 1329
854 1328
853 1328
852 1327
852 1325
853 1324
855 1326
856 1326
856 1325
855 1324
856 1323
858 1323
856 1321
856 1319
858 1317
858 1315
859 1314
860 1314
860 1313
859 1312
858 1312
857 1311
856 1311
855 1310
856 1309
857 1309
855 1307
856 1306
857 1306
857 1305
858 1304
859 1305
859 1306
860 1305
858 1303
855 1303
852 1300
853 1299
855 1299
856 1298
857 1299
858 1299
858 1297
857 1298
856 1297
856 1296
857 1295
859 1295
860 1296
863 1296
865 1298
865 1299
864 1300
862 1298
860 1298
860 1299
861 1299
862 1300
863 1300
864 1301
865 1301
865 1299
866 1298
866 1297
865 1296
866 1295
870 1295
871 1296
872 1296
873 1295
874 1296
874 1297
876 1297
877 1298
878 1298
880 1300
881 1300
880 1299
880 1298
879 1298
877 1296
879 1294
878 1293
878 1292
879 1291
880 1291
880 1289
879 1289
878 1288
880 1286
882 1288
881 1287
881 1286
879 1284
878 1284
878 1287
877 1288
876 1287
876 1285
875 1285
874 1284
874 1283
875 1282
875 1281
874 1280
875 1279
876 1279
878 1281
879 1281
880 1280
881 1280
880 1279
879 1280
878 1280
876 1278
875 1278
874 1277
874 1276
875 1275
877 1275
878 1276
878 1274
877 1273
878 1272
879 1272
879 1270
877 1268
879 1266
880 1267
880 1268
881 1267
882 1267
883 1268
884 1267
886 1267
886 1266
885 1265
885 1264
887 1262
888 1262
887 1262
886 1261
886 1260
887 1259
887 1258
886 1257
887 1256
886 1255
887 1254
887 1253
885 1251
886 1250
886 1249
885 1248
885 1247
886 1246
887 1246
887 1245
886 1245
885 1246
883 1244
883 1243
884 1242
885 1243
885 1242
883 1240
882 1240
881 1239
884 1242
883 1243
882 1243
879 1240
879 1237
880 1236
881 1237
882 1237
882 1235
881 1234
881 1233
882 1232
880 1232
879 1231
879 1229
880 1228
881 1228
879 1226
880 1225
882 1225
881 1224
881 1223
882 1222
883 1223
884 1222
885 1222
886 1223
886 1224
885 1225
886 1225
887 1224
888 1224
889 1223
890 1224
891 1224
892 1225
892 1228
894 1228
894 1227
891 1224
893 1222
894 1223
894 1221
893 1221
892 1220
893 1219
894 1219
895 1218
896 1219
897 1219
897 1217
896 1217
894 1219
893 1218
893 1216
893 1217
892 1218
890 1216
891 1215
891 1214
890 1213
891 1212
892 1212
894 1210
896 1212
896 1214
897 1214
898 1213
899 1214
898 1213
902 1209
902 1208
901 1207
899 1209
900 1210
900 1211
899 1212
898 1212
897 1213
895 1211
895 1210
896 1209
897 1210
897 1206
897 1207
896 1208
895 1208
894 1207
894 1206
892 1206
894 1208
894 1209
893 1210
889 1206
889 1205
890 1204
891 1204
892 1203
893 1204
894 1204
893 1203
894 1202
893 1203
892 1203
891 1202
891 1201
889 1201
888 1200
889 1199
889 1198
891 1196
892 1196
894 1194
894 1192
891 1192
890 1191
893 1188
894 1188
893 1187
892 1188
890 1188
889 1187
891 1185
890 1184
891 1183
890 1183
889 1182
889 1181
891 1179
892 1180
892 1178
893 1177
894 1177
895 1176
895 1173
896 1172
897 1173
898 1173
900 1171
896 1171
895 1170
896 1169
897 1169
898 1168
901 1168
901 1167
900 1166
900 1165
901 1164
902 1164
903 1165
903 1167
904 1167
903 1166
903 1165
904 1164
905 1164
904 1164
903 1163
906 1160
907 1160
908 1159
908 1158
909 1157
910 1157
911 1156
911 1154
912 1153
912 1152
913 1151
913 1150
912 1149
913 1148
914 1148
914 1147
913 1147
912 1146
913 1145
913 1143
914 1142
913 1143
912 1142
912 1141
913 1140
914 1140
914 1138
913 1138
912 1137
912 1136
913 1135
914 1136
913 1135
913 1134
911 1132
909 1132
908 1131
909 1132
908 1133
907 1133
906 1134
905 1134
904 1135
902 1135
901 1136
899 1136
898 1135
899 1134
900 1134
901 1133
897 1133
896 1132
895 1132
893 1130
889 1130
888 1129
888 1125
886 1123
886 1122
885 1123
884 1122
884 1121
883 1121
882 1122
881 1121
880 1122
879 1121
878 1121
878 1122
877 1123
876 1123
875 1122
873 1122
872 1123
873 1123
874 1124
874 1127
875 1128
874 1129
873 1129
872 1128
872 1126
871 1125
869 1125
869 1126
871 1128
870 1129
869 1129
867 1127
867 1124
866 1124
866 1126
867 1127
867 1128
866 1129
864 1127
864 1126
863 1125
862 1125
861 1126
861 1127
860 1128
859 1127
858 1127
857 1128
856 1127
857 1128
857 1129
856 1130
854 1128
854 1127
852 1127
851 1126
852 1125
854 1125
853 1124
853 1123
852 1122
853 1121
852 1120
852 1117
848 1117
845 1114
845 1113
844 1112
845 1111
845 1110
841 1110
840 1109
843 1106
843 1105
842 1104
842 1102
841 1103
840 1102
838 1102
837 1101
838 1100
838 1098
837 1098
836 1097
836 1096
838 1094
839 1094
840 1095
839 1096
840 1097
842 1095
842 1094
841 1095
840 1094
840 1093
839 1092
838 1093
835 1090
834 1090
829 1085
828 1086
827 1085
826 1086
825 1086
824 1085
824 1083
823 1082
821 1082
820 1081
820 1079
821 1078
824 1078
825 1077
826 1077
825 1076
824 1076
823 1075
824 1074
825 1074
825 1073
826 1072
825 1071
824 1071
823 1072
822 1071
822 1070
821 1069
821 1068
820 1068
820 1070
819 1071
818 1071
817 1070
817 1066
816 1065
816 1063
815 1064
814 1064
813 1063
813 1060
812 1059
812 1057
811 1057
810 1056
807 1056
805 1054
806 1053
807 1053
807 1052
806 1052
806 1053
805 1054
802 1054
801 1053
799 1053
798 1054
797 1054
796 1053
796 1051
793 1048
793 1047
794 1046
794 1044
795 1043
795 1042
796 1041
797 1042
797 1044
798 1044
799 1043
799 1040
801 1038
802 1038
802 1037
800 1037
799 1036
799 1034
800 1033
799 1033
798 1034
799 1035
798 1036
793 1036
792 1037
790 1037
789 1036
789 1035
790 1034
790 1033
785 1033
784 1034
781 1034
780 1033
779 1034
777 1034
776 1033
776 1032
772 1032
771 1031
773 1029
774 1029
775 1030
776 1030
777 1029
777 1028
776 1029
774 1027
774 1026
775 1025
776 1026
779 1026
779 1024
777 1024
776 1025
775 1024
775 1023
773 1023
774 1024
773 1025
771 1025
770 1024
771 1023
767 1023
766 1024
765 1024
764 1025
763 1024
763 1023
764 1022
761 1022
760 1021
760 1020
761 1019
761 1018
760 1017
761 1016
762 1016
761 1015
761 1014
760 1014
759 1013
758 1013
756 1011
755 1011
753 1009
752 1009
751 1010
750 1010
749 1011
748 1011
747 1010
743 1010
742 1009
740 1009
738 1007
732 1007
731 1006
731 1005
732 1004
731 1003
733 1001
733 1000
732 1001
731 1000
729 1000
728 999
727 999
726 1000
725 999
721 999
720 998
715 998
714 999
713 998
712 999
711 999
710 998
709 998
708 997
710 995
710 994
709 994
706 991
705 992
704 992
702 990
701 990
702 990
703 991
702 992
700 992
699 991
699 990
698 990
696 988
695 988
694 989
693 988
693 987
692 987
689 984
688 984
687 985
685 985
682 982
683 983
682 984
679 984
678 983
677 983
676 984
675 984
672 981
671 982
669 980
668 980
667 981
663 981
662 982
661 982
659 984
658 983
657 984
655 984
652 981
650 981
649 982
648 982
647 983
646 982
644 984
643 984
642 985
641 985
640 986
637 986
634 983
633 984
632 983
629 983
628 984
627 984
626 983
625 983
625 984
624 985
622 983
622 982
621 982
617 978
616 978
615 977
610 977
609 976
606 976
605 975
604 976
603 976
602 977
601 977
598 974
597 974
596 973
593 973
592 974
591 974
590 973
589 973
588 972
583 972
581 974
579 974
577 972
575 972
574 971
573 971
572 970
571 970
570 971
567 971
566 970
565 970
563 968
564 967
563 966
563 965
562 964
561 964
560 963
557 963
555 961
554 961
553 960
551 960
550 959
549 959
548 958
548 956
547 955

