717 819
717 820
714 823
713 822
713 821
714 820
713 821
712 821
711 820
712 821
712 822
711 823
710 823
707 826
706 826
706 827
703 830
703 831
702 832
702 834
700 836
700 838
706 844
706 847
704 849
704 850
701 853
701 854
700 855
700 856
699 857
698 857
697 858
697 859
695 861
695 862
694 863
694 864
695 865
694 866
693 866
692 867
692 870
690 872
691 873
691 874
690 875
691 876
690 877
688 877
687 876
685 878
684 877
683 877
685 879
685 880
687 882
686 883
684 883
683 882
681 882
680 881
679 881
679 883
680 884
680 887
681 887
681 885
682 884
683 885
684 885
685 886
682 889
679 889
678 888
678 887
676 887
675 888
674 888
674 890
675 889
676 890
676 891
677 891
678 890
680 890
681 891
681 892
678 895
678 896
677 897
677 898
676 899
675 898
675 897
674 897
673 896
673 895
674 894
672 894
672 896
673 896
674 897
674 899
675 900
674 901
674 902
673 903
672 902
672 901
671 901
671 902
672 902
673 903
673 904
670 907
667 904
668 903
669 903
669 902
668 902
667 903
666 903
666 904
667 905
667 906
668 906
669 907
668 908
666 908
664 906
664 905
663 905
663 906
664 907
664 908
662 910
661 909
661 910
660 911
659 911
658 910
657 910
657 911
654 914
653 913
653 912
654 911
654 908
653 909
653 910
654 911
653 912
652 912
651 911
651 910
650 910
650 911
653 914
652 915
652 916
651 917
649 917
648 918
647 917
647 916
649 914
649 913
648 912
646 912
645 911
646 910
646 906
647 905
647 904
646 905
644 905
644 906
645 907
644 908
642 908
641 907
642 906
641 906
639 904
639 902
638 902
637 903
637 905
638 906
638 907
637 908
636 908
636 909
637 909
637 908
638 907
639 907
641 909
642 909
644 911
643 912
642 912
641 911
640 911
639 912
635 912
635 914
634 915
633 914
633 916
632 917
633 917
634 918
634 919
635 919
636 918
637 918
638 919
638 920
637 921
637 923
638 923
639 922
641 922
642 921
642 920
643 919
644 920
644 922
645 922
645 919
646 918
647 918
648 919
650 919
651 920
651 921
651 920
650 919
650 918
651 917
652 918
653 917
653 916
655 914
656 914
657 913
660 913
660 912
661 911
664 911
665 912
663 914
663 916
664 917
662 919
662 920
660 922
660 923
658 925
658 926
656 928
656 929
654 931
652 929
653 928
653 926
652 925
652 924
651 924
650 925
649 925
649 926
648 927
647 926
647 923
648 922
646 924
646 925
648 927
646 929
647 929
648 930
648 931
649 932
648 933
648 935
645 938
643 936
643 935
645 933
646 934
646 932
644 932
643 931
641 931
641 932
643 932
644 933
641 936
640 936
639 935
639 936
640 937
639 938
639 939
638 940
636 940
636 941
638 943
637 944
635 944
635 945
634 946
635 945
636 946
636 947
635 948
634 948
631 951
631 953
630 954
628 954
627 955
628 955
629 954
631 956
631 959
630 960
629 960
628 959
629 958
629 957
628 957
627 958
627 959
628 959
629 960
627 962
626 962
625 961
623 963
623 964
622 965
621 965
621 967
622 968
622 969
621 970
621 971
620 972
618 970
619 969
619 968
618 969
618 972
616 974
616 976
615 977
614 977
614 978
613 979
614 980
615 979
616 979
617 980
617 981
618 982
618 984
617 985
616 984
616 983
615 984
614 984
613 983
613 982
612 982
611 981
611 982
613 984
613 985
612 986
611 986
610 985
610 984
609 984
609 985
610 985
611 986
611 988
610 989
613 989
614 990
611 993
610 992
609 992
608 993
607 992
607 991
605 991
600 996
599 996
600 997
600 998
599 999
598 999
597 1000
596 999
596 998
594 996
594 995
595 994
595 985
594 984
594 982
592 982
591 981
591 977
592 976
592 970
593 969
594 970
594 972
595 973
595 975
594 976
594 978
593 979
593 980
595 980
596 981
596 979
597 978
598 978
599 977
597 975
597 974
596 973
597 972
598 972
599 973
599 974
600 973
599 972
599 970
598 970
597 969
598 968
600 968
601 969
601 968
600 967
600 964
601 963
600 962
600 960
601 959
601 957
602 956
603 956
604 955
604 954
605 953
605 952
602 949
604 947
605 948
605 949
606 949
606 946
607 945
608 945
608 943
607 943
606 942
607 941
609 941
609 939
610 938
610 935
611 934
612 934
612 933
611 932
612 931
613 931
613 930
612 930
611 929
610 930
609 929
609 928
610 927
614 927
613 926
613 925
612 925
610 923
611 922
613 922
614 921
615 922
615 923
616 923
616 922
615 922
614 921
614 920
613 920
613 921
612 922
611 921
611 918
609 918
608 919
607 919
606 918
606 917
605 917
604 916
604 914
603 915
602 914
600 914
598 912
598 917
599 918
597 920
596 919
596 909
597 908
598 909
598 910
599 910
600 909
600 906
599 905
599 904
599 905
600 906
599 907
598 907
597 906
597 908
596 909
595 908
595 903
594 902
594 897
593 896
593 893
594 892
595 892
596 893
596 895
597 895
597 894
596 893
596 891
597 890
597 888
596 887
597 886
598 886
598 885
597 885
597 886
596 887
595 886
594 886
594 892
593 893
592 892
592 886
591 885
591 882
592 881
593 882
593 883
594 883
596 881
598 881
599 882
598 881
598 880
597 880
595 878
596 877
595 876
595 875
596 874
596 873
594 873
593 872
593 871
594 870
595 871
596 871
596 870
595 870
594 869
593 870
592 869
592 868
591 868
590 867
590 866
591 865
592 866
592 864
591 864
590 863
593 860
592 860
592 861
591 862
589 860
590 859
590 858
589 858
588 857
588 856
589 855
590 855
592 857
592 858
592 857
591 856
591 855
592 854
593 854
595 856
595 857
595 855
594 855
593 854
593 853
592 853
592 854
591 855
590 854
590 853
589 853
588 852
589 851
589 850
588 851
588 852
587 853
586 852
586 850
587 849
587 848
587 849
586 850
584 850
584 851
585 852
585 853
584 854
585 855
585 857
584 858
583 857
581 857
578 860
577 859
577 856
575 858
574 857
572 857
572 858
573 858
574 859
573 860
572 860
572 861
573 862
573 863
574 864
574 861
575 860
576 860
577 861
577 862
578 861
579 862
580 862
581 863
580 864
580 865
579 866
579 867
578 868
576 868
574 866
574 869
572 871
572 872
573 873
572 874
571 874
570 875
569 875
570 876
573 876
573 875
576 872
577 873
577 874
575 876
575 878
574 879
572 879
572 880
573 880
574 881
573 882
572 882
571 883
570 883
569 882
569 879
568 879
567 878
567 879
568 880
567 881
567 883
566 884
565 883
566 884
565 885
565 886
566 887
566 886
567 885
570 885
571 886
573 886
574 887
574 890
573 891
572 890
571 890
570 889
569 889
568 890
568 892
569 892
570 893
571 892
572 892
573 891
574 892
574 894
573 895
573 896
572 897
571 897
570 896
570 895
565 895
563 893
563 897
565 899
567 899
568 900
567 901
565 901
565 902
566 902
567 903
566 904
566 905
565 906
564 906
563 907
562 907
562 908
563 907
564 908
565 907
566 907
566 906
567 905
568 906
568 907
569 908
568 909
567 909
565 911
564 911
563 910
562 910
562 912
563 911
564 912
564 913
563 914
560 914
560 916
561 916
562 917
564 917
565 918
564 919
558 919
559 920
560 920
561 921
558 924
555 924
555 926
556 927
555 928
555 930
556 930
557 931
555 933
556 934
554 936
552 936
554 938
554 939
555 940
554 941
552 941
551 940
551 939
550 938
550 937
549 937
548 936
546 936
544 938
543 938
543 939
544 940
545 939
546 939
547 938
549 938
550 939
549 940
548 940
546 942
545 942
546 943
547 942
548 942
549 943
550 943
551 944
551 945
550 946
551 947
551 949
552 950
551 951
550 951
549 950
549 949
549 950
550 951
550 953
549 954
549 955
550 956
549 957
549 959
550 960
552 960
553 961
553 962
552 963
551 963
552 964
552 969
551 970
551 971
553 969
554 969
554 968
555 967
557 967
559 969
558 970
556 970
555 971
554 971
554 972
553 973
552 973
552 974
555 974
556 975
553 978
553 979
554 980
556 978
556 976
557 975
556 975
555 974
557 972
558 972
560 974
561 974
562 973
562 972
561 973
560 972
560 971
562 969
563 969
563 968
564 967
564 964
563 963
563 961
564 960
563 960
561 958
561 956
562 955
563 955
563 954
562 953
563 952
563 949
564 948
564 946
563 945
564 944
566 944
566 943
565 942
565 940
566 939
568 939
569 940
569 941
571 941
572 940
574 940
577 943
580 943
581 944
581 945
580 946
579 946
578 945
577 946
579 948
578 949
578 951
579 952
578 953
577 953
578 953
579 954
579 957
578 958
579 959
579 960
578 961
577 961
578 961
579 962
582 962
582 957
583 956
584 957
584 958
585 959
585 974
584 975
583 974
583 971
582 970
583 969
583 964
578 964
578 965
577 966
576 966
577 967
577 968
578 968
579 969
577 971
576 971
576 972
577 973
577 974
577 973
578 972
579 973
579 975
580 976
577 979
576 979
577 980
576 981
574 981
575 982
575 983
574 984
575 984
576 983
577 983
578 984
580 984
581 985
581 987
582 988
581 989
580 989
579 988
579 986
577 986
577 987
576 988
576 989
575 990
574 990
574 993
573 994
569 994
568 993
564 993
562 991
561 992
559 990
559 989
557 989
556 988
556 987
555 988
555 989
554 990
553 990
552 989
552 988
551 989
540 989
539 990
528 990
527 991
525 991
524 990
523 990
522 991
513 991
512 990
503 990
502 989
491 989
490 988
484 988
483 987
469 987
468 988
462 988
461 989
454 989
453 990
445 990
443 988
442 989
441 988
439 988
438 987
438 986
439 985
439 984
438 984
438 985
437 986
437 987
436 988
435 988
434 987
433 987
432 986
432 985
431 985
430 984
431 983
431 982
432 981
433 982
433 983
434 983
434 982
433 982
432 981
431 981
430 982
430 983
429 984
428 984
427 983
426 984
425 983
424 983
422 981
422 980
423 979
424 980
425 980
426 981
427 981
428 980
429 980
430 979
430 977
429 976
430 975
431 975
433 977
433 978
434 978
435 977
436 978
436 977
437 976
437 975
436 974
438 972
439 972
440 973
439 974
439 975
440 975
441 974
441 973
442 972
443 973
444 973
444 972
441 972
440 971
441 970
442 970
445 967
445 966
446 965
448 965
447 965
446 964
447 963
447 962
448 961
450 963
451 963
451 961
449 961
448 960
448 959
449 958
450 959
452 959
453 958
454 959
454 960
455 961
455 962
456 962
456 961
455 961
454 960
454 957
455 956
455 954
456 953
457 953
458 952
459 953
460 953
461 952
462 952
463 953
463 954
465 954
465 953
466 952
465 952
464 953
463 953
462 952
462 951
463 950
462 951
461 951
460 952
456 948
455 948
454 947
455 946
458 946
460 948
461 948
461 946
460 946
459 945
459 943
458 942
458 941
459 940
460 940
461 941
461 943
462 944
464 944
465 943
465 942
463 942
462 941
463 940
463 939
462 939
462 940
461 941
460 940
460 938
459 938
458 937
458 935
456 935
455 934
455 933
454 933
453 932
453 929
454 928
454 925
453 925
453 926
452 927
451 926
451 925
450 925
449 924
449 922
450 921
451 922
452 922
451 921
450 921
449 920
448 920
449 921
448 922
448 924
447 925
446 925
443 922
444 921
445 921
445 919
444 920
442 920
442 921
444 923
443 924
440 924
438 926
437 925
437 923
438 922
439 922
435 918
436 917
439 917
438 916
437 916
436 917
434 915
435 914
434 913
433 913
432 914
433 914
435 916
435 918
434 919
434 920
433 921
432 921
431 922
431 924
433 926
433 928
432 929
430 927
429 927
430 928
429 929
429 932
428 933
427 932
427 926
428 925
428 920
429 919
429 914
430 913
430 910
431 909
433 911
433 910
434 909
435 909
436 908
437 909
437 910
438 910
440 908
439 909
437 909
436 908
438 906
438 904
437 905
436 905
436 906
437 907
435 909
434 909
433 908
434 909
433 910
432 910
431 909
431 906
432 905
432 903
433 902
434 902
435 903
436 902
435 901
435 900
436 899
436 898
434 900
434 901
433 902
432 901
432 898
433 897
433 896
434 895
434 891
435 890
435 888
436 887
436 884
437 883
437 882
436 881
436 880
437 879
437 877
438 876
438 875
439 874
439 871
440 870
440 866
440 867
439 868
439 869
438 870
438 871
437 872
437 874
436 875
436 878
435 879
435 883
434 884
434 886
433 887
433 890
432 891
432 894
431 895
431 898
430 899
430 905
429 906
429 909
428 910
427 909
427 905
428 904
427 903
427 902
426 902
426 903
425 904
423 904
422 903
423 902
423 900
424 899
425 900
428 900
427 899
427 898
428 897
426 897
427 898
427 899
426 900
425 899
424 899
423 900
422 900
420 898
421 897
422 897
425 894
426 894
427 893
428 893
429 892
429 891
428 891
427 892
426 891
426 890
425 891
426 892
426 893
424 895
423 895
422 894
423 893
423 892
422 891
422 888
424 886
424 885
420 885
419 884
420 883
419 883
418 884
417 883
417 882
418 881
419 881
419 879
418 878
418 877
419 876
420 876
421 877
422 877
423 878
422 879
422 880
423 879
424 880
426 880
426 879
425 878
424 878
423 877
422 877
421 876
421 875
422 874
423 874
424 875
425 875
425 874
423 874
422 873
421 873
421 874
420 875
419 875
418 874
417 874
417 875
416 876
415 876
414 875
415 874
414 874
414 880
413 881
412 880
412 878
411 878
410 877
411 876
409 878
409 880
408 881
407 880
406 880
405 879
407 877
406 877
404 879
403 878
403 879
402 880
401 880
400 879
399 880
396 877
397 876
399 876
399 875
398 875
397 876
396 875
396 874
397 873
397 868
398 867
400 867
401 868
399 870
399 871
400 871
400 869
401 868
402 868
402 867
401 867
400 866
400 865
401 864
401 861
402 860
403 861
403 862
404 862
404 861
403 861
402 860
405 857
405 856
406 855
406 854
405 854
404 855
401 855
400 856
399 855
399 856
398 857
397 857
396 856
394 856
394 857
392 859
391 858
390 858
389 857
389 856
388 856
388 857
386 859
385 858
385 857
384 857
383 856
383 855
382 854
381 854
381 855
382 855
383 856
383 857
384 858
384 859
382 861
381 860
381 864
380 865
379 865
378 864
378 862
379 861
378 860
378 859
377 858
378 857
379 857
380 858
381 858
380 858
378 856
377 856
376 855
377 854
378 854
379 853
378 854
375 854
374 853
377 856
375 858
375 859
376 858
378 860
378 861
377 862
376 861
376 862
377 863
377 864
378 865
378 866
381 866
381 865
382 864
383 865
383 866
384 867
384 868
383 869
384 870
384 872
384 870
385 869
386 869
387 870
387 871
388 872
388 873
389 873
390 872
391 872
392 871
394 873
393 874
394 874
395 875
395 876
396 877
396 878
399 881
399 882
398 883
398 884
400 886
400 883
401 882
402 883
402 885
403 886
401 888
401 889
400 890
400 891
402 893
402 894
403 894
404 893
405 894
405 895
404 896
404 898
405 897
406 898
406 900
407 901
406 902
406 903
405 904
405 905
408 908
408 911
407 912
406 911
406 912
407 913
407 914
408 914
410 916
410 917
411 917
412 918
410 920
409 919
408 919
407 920
408 920
409 919
410 920
410 921
409 922
410 922
411 921
412 922
412 923
413 924
413 925
412 926
411 925
410 925
409 926
407 926
406 927
405 926
405 927
407 929
407 931
406 932
405 931
405 930
400 925
399 925
396 922
396 921
395 920
396 919
396 916
395 915
395 913
394 912
394 910
393 909
392 909
391 908
391 907
393 905
393 904
392 904
392 906
390 908
389 908
389 910
390 910
391 909
392 910
392 913
391 914
390 914
389 913
389 912
388 913
390 915
391 914
392 914
393 915
391 917
391 918
392 919
391 920
390 920
390 921
391 922
390 923
387 923
386 924
385 923
385 922
384 922
383 921
381 923
380 922
380 921
378 923
377 922
377 921
378 920
378 919
377 918
378 917
379 917
379 914
378 915
377 915
376 914
379 911
379 910
378 910
377 911
376 911
375 910
375 909
376 908
376 907
377 906
378 907
377 906
377 904
378 903
378 902
377 902
375 900
372 900
371 901
370 901
369 900
368 900
367 901
366 901
367 901
368 902
368 903
367 904
365 904
363 902
362 902
362 903
361 904
363 904
364 905
364 906
363 907
362 907
363 907
364 906
366 906
367 907
366 908
365 908
366 908
367 909
367 910
365 912
363 910
363 912
364 911
365 912
365 913
367 913
367 912
366 911
368 909
370 911
370 915
369 916
368 915
369 916
370 915
371 916
371 918
372 919
372 920
373 921
373 922
372 923
372 924
371 925
371 926
372 927
370 929
368 927
368 928
366 930
365 929
365 928
364 928
361 925
361 924
359 924
358 923
359 922
360 922
360 921
359 922
357 920
357 919
356 919
355 920
353 918
353 917
354 916
354 915
356 913
354 913
353 912
353 910
351 910
350 909
350 908
351 907
349 907
348 906
348 904
349 903
348 903
346 901
345 901
344 900
343 900
343 901
342 902
341 901
341 899
340 898
339 898
338 897
339 896
340 896
341 895
342 896
342 894
343 893
342 894
338 894
337 893
337 890
336 890
335 891
334 891
333 890
333 889
334 888
335 888
336 887
336 886
337 885
336 885
335 884
335 883
334 882
333 882
332 881
331 881
330 882
329 882
328 881
327 882
324 879
324 878
325 877
326 878
327 878
327 877
326 876
325 877
324 876
324 875
325 874
322 874
321 875
319 873
317 875
316 874
316 873
318 871
318 869
319 868
319 867
317 869
316 868
316 866
314 864
314 863
313 863
312 862
311 863
310 863
309 864
308 863
308 862
309 861
308 862
307 861
306 862
305 861
303 861
302 860
302 859
301 860
300 859
300 858
301 857
303 857
304 858
305 857
306 858
306 859
307 858
309 858
311 860
312 860
312 859
311 860
310 859
310 857
307 857
306 858
305 857
305 855
304 854
305 853
306 853
306 852
304 852
305 853
304 854
303 854
302 853
302 852
297 852
296 851
296 850
297 849
299 849
300 848
302 848
301 847
300 848
297 848
297 849
296 850
296 853
295 854
294 853
294 851
293 850
292 850
291 849
292 848
293 848
293 847
291 845
292 844
293 844
294 845
294 844
291 844
291 845
292 846
290 848
290 850
289 851
288 851
288 852
287 853
286 852
286 849
287 848
288 848
288 847
285 847
284 846
285 845
285 844
284 844
283 843
285 841
284 841
283 840
279 840
278 839
280 837
280 836
279 835
278 835
274 831
274 830
274 831
275 832
275 833
274 834
273 834
272 833
272 831
270 829
268 829
267 828
266 828
265 827
265 828
264 829
263 828
262 828
261 827
259 827
258 828
257 827
256 827
255 828
253 828
252 827
251 827
247 831
246 831
245 830
245 828
243 830
242 829
240 829
239 830
237 830
236 829
237 828
237 827
236 827
236 828
235 829
234 828
233 828
235 830
234 831
231 831
230 830
230 829
229 829
228 830
228 831
227 832
226 831
225 831
224 830
225 829
225 828
224 828
223 829
222 828
222 827
219 827
217 829
216 829
215 828
216 827
215 827
213 829
212 828
211 828
210 827
209 827
209 829
208 830
207 830
206 829
206 830
204 832
203 832
203 834
202 835
201 835
198 838
197 838
197 839
198 840
197 841
196 841
195 840
195 843
193 845
193 846
194 847
191 850
190 850
189 849
188 849
187 850
187 851
185 853
183 853
183 855
180 858
180 859
178 861
178 864
177 865
177 867
178 868
177 869
177 877
176 878
175 878
175 879
176 880
176 882
175 883
174 883
174 888
173 889
173 890
172 891
172 892
171 893
171 898
169 900
169 904
170 904
171 905
170 906
169 906
169 907
171 909
170 910
170 911
171 912
171 913
172 914
172 916
173 917
173 919
174 920
174 923
175 924
175 926
177 928
177 932
179 934
178 935
178 936
181 939
181 943
182 944
182 948
183 949
182 950
182 953
183 954
183 956
184 957
184 959
183 960
184 961
184 967
185 968
185 970
184 971
184 973
185 974
185 986
186 987
186 1000
187 1001
187 1004
188 1005
188 1008
189 1009
189 1012
190 1013
190 1016
191 1017
191 1019
192 1020
192 1021
193 1022
193 1024
194 1025
194 1026
195 1027
195 1029
196 1030
196 1031
197 1032
197 1034
198 1035
198 1036
199 1037
199 1041
200 1042
200 1046
201 1047
201 1050
202 1051
202 1053
203 1054
203 1060
204 1061
204 1064
205 1065
205 1067
206 1068
206 1071
207 1072
207 1074
208 1075
208 1077
209 1078
209 1083
210 1084
210 1086
211 1087
211 1091
212 1092
212 1094
213 1095
213 1096
214 1097
214 1098
215 1099
215 1101
216 1102
216 1105
217 1106
217 1107
218 1108
218 1112
219 1113
219 1114
218 1115
219 1116
219 1122
218 1123
218 1144
219 1145
219 1146
220 1147
220 1149
221 1150
221 1151
223 1153
223 1154
225 1156
225 1157
227 1159
227 1160
229 1162
229 1163
231 1165
231 1166
232 1167
232 1168
233 1169
233 1170
234 1171
234 1172
235 1173
235 1174
238 1177
238 1178
240 1180
240 1182
241 1183
241 1186
238 1189
233 1189
232 1188
230 1188
229 1187
228 1187
227 1186
226 1186
225 1185
224 1185
223 1184
221 1184
220 1183
217 1183
216 1182
213 1182
212 1181
208 1181
207 1180
201 1180
200 1179
199 1180
198 1179
194 1179
193 1178
186 1178
185 1177
178 1177
177 1176
172 1176
171 1175
163 1175
162 1174
160 1174
159 1175
158 1175
156 1173
155 1174
154 1174
153 1173
152 1173
151 1172
147 1172
146 1171
143 1171
141 1169
140 1169
139 1170
137 1168
134 1168
132 1166
130 1166
131 1167
132 1167
133 1168
133 1169
132 1170
131 1170
130 1169
129 1170
130 1171
131 1170
133 1172
136 1172
139 1175
139 1176
140 1175
141 1175
142 1176
143 1175
144 1176
145 1175
148 1175
149 1176
148 1177
148 1178
150 1180
152 1178
153 1179
153 1181
154 1182
155 1181
156 1181
157 1182
158 1181
159 1181
160 1182
161 1182
162 1181
166 1181
167 1182
172 1182
173 1183
180 1183
181 1184
182 1184
183 1183
185 1185
191 1185
192 1186
194 1186
195 1187
198 1187
199 1188
201 1188
202 1189
204 1189
205 1190
207 1190
208 1191
211 1191
212 1192
214 1192
215 1193
216 1193
217 1194
219 1194
220 1195
224 1195
225 1196
228 1196
229 1197
231 1197
232 1198
233 1198
235 1200
236 1200
238 1202
239 1202
241 1204
242 1203
244 1203
245 1204
245 1205
246 1206
246 1217
247 1218
247 1222
246 1223
246 1227
245 1228
242 1228
246 1228
247 1229
246 1230
242 1230
242 1231
243 1230
244 1231
245 1231
246 1232
245 1233
236 1233
235 1234
228 1234
227 1235
220 1235
219 1236
212 1236
211 1237
205 1237
204 1238
198 1238
197 1239
190 1239
189 1240
182 1240
181 1241
175 1241
174 1240
173 1240
174 1240
175 1241
174 1242
167 1242
166 1243
165 1242
164 1242
163 1241
162 1242
160 1242
159 1243
156 1243
155 1244
154 1244
152 1242
151 1242
150 1243
149 1243
148 1244
145 1244
144 1243
143 1243
143 1244
142 1245
134 1245
133 1244
133 1243
134 1242
133 1243
130 1240
131 1239
129 1239
128 1240
130 1240
131 1241
131 1243
130 1244
129 1243
129 1242
128 1242
127 1243
125 1243
125 1244
126 1245
125 1246
123 1246
122 1245
122 1244
121 1244
120 1243
120 1241
119 1240
117 1242
116 1242
116 1243
120 1243
121 1244
119 1246
111 1246
110 1245
111 1244
111 1243
109 1241
107 1241
106 1240
107 1239
105 1239
104 1238
103 1238
104 1239
103 1240
103 1241
104 1242
104 1243
103 1244
104 1245
103 1246
102 1246
101 1245
101 1239
100 1239
99 1240
98 1240
97 1239
96 1240
97 1240
99 1242
97 1244
98 1245
97 1246
96 1246
95 1247
93 1247
93 1248
96 1248
97 1249
99 1249
100 1250
98 1252
98 1253
99 1252
100 1253
100 1255
101 1255
101 1254
103 1252
104 1253
104 1255
105 1256
105 1257
104 1258
104 1260
103 1261
103 1263
102 1264
103 1265
102 1266
101 1266
101 1268
102 1269
102 1270
103 1270
103 1269
104 1268
105 1269
106 1268
106 1267
107 1266
107 1265
106 1266
103 1263
104 1262
104 1261
106 1259
107 1260
106 1259
106 1258
108 1256
111 1256
112 1255
113 1255
114 1256
115 1255
119 1255
120 1254
120 1253
119 1253
118 1254
111 1254
110 1255
108 1255
107 1254
107 1255
106 1256
105 1256
104 1255
104 1253
103 1252
104 1251
106 1251
107 1252
108 1251
112 1251
114 1249
115 1249
116 1250
116 1251
117 1250
116 1250
115 1249
116 1248
118 1248
120 1250
122 1248
128 1248
129 1249
129 1250
130 1250
130 1249
131 1248
140 1248
141 1249
146 1249
148 1247
149 1247
150 1248
150 1249
151 1248
153 1248
153 1247
154 1246
156 1248
161 1248
162 1247
169 1247
169 1246
170 1245
172 1245
173 1244
181 1244
182 1243
188 1243
189 1242
196 1242
197 1241
203 1241
204 1240
211 1240
212 1239
218 1239
219 1238
224 1238
225 1237
226 1238
226 1240
225 1241
224 1241
223 1242
221 1242
221 1243
219 1245
217 1245
216 1244
216 1243
215 1244
215 1245
214 1246
207 1246
206 1247
199 1247
198 1248
195 1248
194 1247
190 1247
193 1247
194 1248
193 1249
189 1249
188 1250
184 1250
183 1249
179 1249
178 1250
175 1250
174 1251
172 1251
174 1251
175 1252
174 1253
171 1253
170 1252
170 1251
169 1252
166 1252
165 1253
162 1253
161 1254
158 1254
157 1255
156 1255
154 1257
153 1256
152 1256
150 1258
147 1258
145 1260
142 1260
141 1261
139 1261
138 1262
137 1262
136 1263
134 1263
134 1264
135 1265
133 1267
132 1267
131 1268
129 1268
128 1267
129 1266
130 1266
129 1266
128 1267
127 1267
126 1268
125 1268
126 1268
127 1269
126 1270
125 1270
124 1271
123 1271
122 1272
121 1272
120 1271
121 1270
120 1271
119 1271
120 1271
121 1272
120 1273
119 1273
118 1274
117 1274
116 1275
115 1275
114 1276
113 1276
112 1277
111 1277
110 1276
111 1275
110 1276
111 1277
110 1278
109 1278
108 1277
107 1278
105 1278
105 1279
104 1280
102 1280
100 1282
99 1282
99 1284
97 1286
96 1286
95 1285
94 1285
94 1286
95 1287
93 1289
91 1289
88 1292
87 1292
86 1293
85 1292
85 1291
86 1290
87 1290
86 1290
85 1291
84 1290
83 1290
82 1291
81 1290
81 1289
80 1289
78 1287
79 1286
80 1286
81 1287
81 1286
82 1285
83 1285
84 1284
83 1283
82 1284
81 1283
81 1282
82 1281
81 1281
81 1282
77 1286
77 1287
75 1289
73 1289
73 1291
74 1292
73 1293
71 1293
72 1294
73 1294
75 1296
75 1297
76 1297
77 1298
76 1299
76 1300
74 1302
73 1302
73 1303
76 1303
77 1302
78 1303
78 1304
81 1304
82 1303
83 1303
83 1302
82 1302
81 1301
82 1300
83 1300
84 1299
85 1300
86 1300
86 1299
87 1298
89 1298
89 1297
88 1297
87 1296
87 1295
88 1294
89 1294
90 1293
91 1294
91 1295
92 1295
93 1296
93 1295
92 1294
91 1294
90 1293
91 1292
92 1292
93 1291
94 1292
94 1293
95 1293
95 1292
94 1291
96 1289
97 1289
98 1288
99 1288
100 1287
101 1288
101 1289
103 1289
103 1288
102 1287
103 1286
104 1286
103 1285
105 1283
106 1284
106 1286
106 1285
107 1284
106 1283
107 1282
108 1282
109 1281
110 1282
111 1282
110 1282
109 1281
110 1280
111 1280
112 1279
113 1280
113 1281
114 1281
115 1280
114 1280
113 1279
114 1278
115 1278
117 1276
119 1276
121 1274
123 1274
125 1272
127 1272
128 1271
129 1271
130 1270
131 1270
132 1269
133 1269
134 1268
136 1268
137 1267
138 1267
139 1268
138 1269
139 1269
140 1268
141 1268
142 1267
141 1268
139 1268
138 1267
139 1266
140 1266
141 1265
143 1265
144 1264
146 1264
147 1265
146 1266
148 1266
149 1267
149 1266
148 1265
147 1265
146 1264
147 1263
148 1263
149 1262
151 1262
152 1261
154 1261
155 1260
157 1260
158 1259
160 1259
161 1260
160 1261
159 1261
158 1262
156 1262
155 1263
154 1263
155 1263
156 1262
157 1263
159 1263
162 1260
168 1260
169 1259
170 1260
171 1260
172 1259
175 1259
176 1258
181 1258
182 1257
184 1257
185 1256
186 1256
187 1255
196 1255
198 1257
198 1259
194 1263
195 1262
200 1262
201 1261
202 1261
208 1255
211 1255
212 1254
214 1254
215 1253
218 1253
219 1252
224 1252
225 1253
226 1253
227 1252
228 1253
229 1252
238 1252
239 1251
244 1251
245 1252
245 1253
243 1255
241 1255
240 1256
237 1256
236 1257
231 1257
230 1258
228 1258
226 1260
224 1260
225 1261
224 1262
223 1262
226 1262
227 1263
226 1264
224 1264
223 1265
220 1265
219 1264
220 1263
221 1263
219 1263
218 1264
215 1264
214 1265
209 1265
208 1266
200 1266
199 1267
198 1267
197 1268
196 1268
195 1269
194 1269
193 1270
190 1270
190 1271
189 1272
188 1271
187 1271
186 1272
183 1272
181 1274
180 1274
179 1275
178 1275
176 1277
173 1277
172 1278
171 1278
169 1280
166 1280
167 1280
168 1281
166 1283
165 1283
164 1284
163 1284
162 1283
163 1282
161 1282
161 1283
160 1284
159 1284
158 1285
156 1285
155 1286
154 1286
153 1287
152 1287
151 1288
150 1288
149 1289
148 1289
148 1290
147 1291
145 1291
144 1290
143 1290
143 1291
144 1292
143 1293
143 1294
142 1295
141 1295
140 1294
139 1294
139 1295
142 1295
143 1294
144 1294
145 1293
147 1293
148 1294
147 1295
146 1295
145 1296
144 1296
143 1297
142 1297
141 1298
140 1298
139 1299
138 1299
137 1300
136 1300
135 1301
133 1301
131 1303
129 1303
128 1304
127 1304
126 1305
125 1305
124 1306
123 1306
122 1307
121 1307
120 1308
119 1308
118 1307
118 1306
117 1306
117 1307
118 1307
119 1308
118 1309
116 1309
115 1308
114 1308
113 1309
114 1309
115 1310
114 1311
112 1311
110 1313
108 1313
107 1314
106 1314
105 1315
104 1315
103 1316
102 1316
101 1317
100 1317
99 1318
98 1318
97 1319
96 1319
95 1320
94 1320
93 1321
92 1321
91 1322
90 1322
89 1323
88 1323
87 1324
86 1324
85 1325
84 1325
83 1324
84 1325
83 1326
82 1326
81 1327
80 1327
79 1326
80 1325
79 1325
78 1326
79 1326
80 1327
79 1328
78 1328
77 1329
76 1329
75 1328
75 1327
74 1328
75 1328
76 1329
75 1330
74 1330
73 1331
72 1331
71 1332
70 1332
68 1334
67 1334
66 1335
65 1335
64 1336
63 1336
62 1335
62 1334
61 1333
60 1333
59 1332
60 1333
60 1337
59 1338
58 1337
57 1337
58 1338
55 1341
54 1341
53 1342
52 1342
51 1343
50 1343
49 1344
48 1344
46 1346
44 1346
43 1347
43 1348
44 1348
46 1346
49 1346
50 1345
51 1345
53 1343
55 1343
57 1341
59 1341
61 1339
62 1339
63 1340
61 1342
62 1342
63 1343
64 1343
65 1342
68 1342
68 1341
70 1339
69 1339
67 1337
69 1335
70 1335
71 1334
72 1334
73 1333
74 1333
75 1332
76 1332
77 1331
78 1331
79 1330
80 1330
81 1331
79 1333
79 1334
80 1334
81 1333
83 1333
83 1332
82 1331
83 1330
84 1330
85 1331
86 1330
87 1331
88 1330
89 1330
92 1327
92 1326
91 1326
90 1325
92 1323
94 1323
96 1321
98 1321
99 1320
100 1320
101 1319
102 1319
103 1318
104 1318
105 1317
106 1317
107 1316
108 1316
109 1315
110 1315
111 1314
112 1314
113 1315
112 1316
113 1316
114 1315
113 1315
112 1314
113 1313
114 1313
115 1312
116 1312
117 1311
119 1311
120 1312
120 1313
122 1313
122 1311
121 1310
122 1309
123 1309
124 1308
125 1308
126 1307
127 1307
128 1306
129 1306
130 1305
131 1305
132 1304
133 1304
134 1305
134 1307
135 1306
133 1304
134 1303
135 1303
136 1302
137 1302
138 1301
139 1301
140 1300
141 1300
142 1299
143 1299
144 1298
146 1298
147 1299
146 1300
145 1300
146 1301
148 1301
150 1299
152 1299
153 1298
155 1298
155 1297
156 1296
158 1296
159 1295
160 1295
162 1293
163 1293
164 1292
169 1292
170 1291
170 1290
169 1290
168 1291
164 1291
163 1290
164 1289
165 1289
166 1288
168 1288
169 1287
170 1287
171 1286
172 1286
173 1287
172 1288
173 1289
174 1288
175 1288
176 1287
179 1287
180 1286
182 1286
184 1284
187 1284
189 1282
190 1282
190 1281
191 1280
192 1281
194 1281
195 1280
198 1280
199 1279
202 1279
204 1277
205 1277
206 1276
208 1276
209 1275
211 1275
211 1274
212 1273
216 1273
217 1272
218 1272
219 1271
220 1272
221 1271
223 1271
225 1269
227 1269
228 1268
229 1269
230 1268
232 1268
233 1267
234 1267
235 1266
237 1266
238 1267
239 1267
240 1266
244 1266
245 1265
246 1265
250 1269
249 1270
249 1271
248 1272
247 1272
247 1273
245 1275
243 1275
242 1276
241 1276
241 1277
240 1278
238 1278
237 1277
237 1278
235 1280
234 1280
233 1281
232 1281
231 1282
230 1282
228 1284
227 1284
226 1285
225 1285
224 1286
225 1287
223 1289
222 1289
221 1288
222 1287
220 1287
220 1288
219 1289
217 1289
219 1289
220 1290
219 1291
218 1291
217 1292
216 1292
215 1293
214 1293
213 1294
212 1294
211 1293
213 1291
214 1291
213 1291
212 1292
208 1292
208 1293
207 1294
205 1294
204 1295
203 1295
203 1296
202 1297
199 1297
198 1298
197 1298
196 1299
195 1299
193 1301
191 1301
191 1302
190 1303
189 1303
188 1304
187 1304
186 1305
185 1304
185 1305
184 1306
183 1306
181 1308
180 1308
179 1309
178 1309
177 1310
176 1310
176 1311
177 1312
175 1314
174 1314
173 1315
172 1315
171 1316
170 1316
169 1317
168 1317
167 1316
168 1315
166 1315
165 1316
165 1317
166 1316
167 1316
168 1317
166 1319
165 1319
164 1320
163 1320
162 1319
163 1318
159 1318
158 1319
158 1320
157 1321
154 1321
154 1322
153 1323
153 1324
154 1325
153 1326
152 1326
150 1328
149 1328
148 1329
147 1329
146 1330
145 1330
143 1332
142 1332
140 1334
139 1334
138 1335
137 1335
136 1334
138 1332
137 1333
136 1332
135 1332
135 1333
137 1335
135 1337
134 1337
133 1338
132 1337
132 1335
131 1335
131 1336
129 1338
130 1338
131 1337
132 1337
133 1338
131 1340
130 1340
129 1341
128 1341
127 1340
125 1340
125 1341
126 1341
127 1342
126 1343
125 1343
123 1345
122 1345
121 1346
120 1346
119 1345
120 1344
118 1344
117 1345
116 1345
116 1346
115 1347
114 1346
115 1347
114 1348
115 1348
116 1349
114 1351
113 1351
111 1353
110 1353
109 1354
108 1354
107 1355
106 1354
106 1353
106 1354
107 1355
105 1357
104 1357
102 1359
101 1359
100 1358
100 1357
99 1357
99 1358
98 1359
97 1359
96 1360
96 1361
97 1362
93 1366
92 1366
88 1370
87 1370
83 1374
82 1374
82 1375
80 1377
79 1377
77 1379
76 1378
75 1378
75 1379
74 1380
72 1380
73 1381
71 1383
70 1382
69 1382
66 1385
67 1386
67 1387
68 1388
67 1389
66 1389
67 1390
67 1391
66 1392
65 1392
65 1395
68 1395
68 1394
69 1393
70 1393
71 1392
72 1392
75 1389
74 1388
74 1386
77 1383
78 1384
78 1386
79 1386
79 1385
77 1383
77 1382
80 1379
81 1379
88 1372
89 1372
90 1373
91 1373
91 1372
90 1371
92 1369
95 1372
95 1373
94 1374
95 1373
95 1372
96 1371
97 1371
98 1370
98 1368
102 1364
104 1364
106 1362
106 1361
107 1360
106 1361
105 1361
104 1360
106 1358
107 1358
109 1356
110 1356
112 1354
113 1354
114 1355
112 1357
113 1357
114 1356
114 1355
113 1354
115 1352
116 1352
118 1350
119 1350
120 1351
119 1352
119 1353
118 1354
116 1354
117 1355
118 1355
119 1354
121 1354
121 1353
120 1352
121 1351
124 1351
125 1350
125 1349
126 1348
127 1349
128 1349
128 1348
129 1347
129 1346
130 1345
131 1345
132 1344
134 1344
135 1343
136 1343
137 1344
136 1345
137 1345
137 1344
138 1343
138 1342
138 1343
137 1344
136 1343
136 1341
135 1341
134 1340
135 1339
136 1339
137 1338
138 1338
140 1336
141 1336
142 1335
143 1335
145 1333
146 1333
147 1332
148 1332
149 1331
150 1331
152 1329
153 1329
154 1328
155 1328
156 1329
156 1331
157 1331
157 1330
155 1328
157 1326
158 1326
160 1328
161 1328
162 1327
163 1327
165 1325
165 1324
164 1324
163 1323
165 1321
167 1321
169 1319
170 1319
171 1318
172 1318
173 1317
174 1317
175 1316
176 1316
177 1317
176 1318
176 1319
177 1319
177 1317
176 1316
178 1314
179 1314
180 1313
181 1313
182 1314
180 1316
180 1317
180 1316
181 1315
182 1315
183 1314
184 1314
185 1315
185 1314
187 1312
191 1312
192 1311
193 1311
194 1310
195 1310
198 1307
199 1307
200 1306
202 1306
203 1305
204 1305
206 1303
207 1303
208 1302
209 1302
211 1300
212 1300
213 1299
214 1299
215 1298
216 1298
216 1297
215 1296
217 1294
219 1294
220 1295
221 1295
222 1294
223 1294
222 1294
221 1295
220 1295
219 1294
221 1292
223 1292
225 1290
227 1290
228 1289
229 1289
230 1288
231 1288
232 1289
231 1290
232 1290
233 1289
232 1289
231 1288
232 1287
233 1287
234 1286
236 1286
237 1287
236 1286
237 1285
238 1285
239 1286
242 1286
242 1285
241 1285
240 1284
241 1283
242 1283
243 1282
244 1282
245 1283
244 1284
244 1285
245 1285
246 1284
248 1284
250 1286
250 1289
249 1290
249 1291
247 1293
246 1293
244 1295
243 1295
241 1297
240 1297
240 1298
241 1299
240 1300
239 1300
238 1301
237 1301
236 1300
237 1301
235 1303
234 1303
232 1305
231 1305
230 1306
229 1306
228 1305
229 1304
228 1305
227 1305
226 1306
227 1306
228 1307
227 1308
226 1308
224 1310
223 1310
222 1311
221 1310
221 1309
219 1311
218 1311
218 1312
219 1313
217 1315
216 1315
215 1314
216 1313
215 1313
214 1314
213 1314
212 1315
212 1316
210 1318
208 1318
205 1321
204 1321
202 1323
202 1324
198 1328
198 1331
197 1332
196 1331
194 1333
195 1334
195 1335
196 1336
195 1337
194 1337
195 1338
194 1339
193 1339
193 1340
192 1341
191 1341
191 1344
192 1345
191 1346
190 1346
190 1347
189 1348
189 1352
188 1353
187 1353
187 1354
186 1355
186 1357
184 1359
182 1359
182 1360
180 1362
180 1363
181 1364
181 1365
182 1366
181 1367
181 1368
180 1369
179 1368
179 1365
178 1364
177 1364
177 1365
176 1366
175 1366
175 1368
174 1369
172 1369
172 1370
171 1371
172 1372
171 1373
168 1373
168 1375
167 1376
166 1376
167 1377
167 1380
166 1381
164 1381
164 1382
163 1383
162 1383
162 1384
161 1385
160 1385
160 1388
159 1389
158 1388
156 1390
158 1392
157 1393
156 1393
155 1394
154 1393
153 1394
153 1395
154 1396
151 1399
151 1401
152 1402
151 1403
151 1404
146 1409
146 1410
141 1415
140 1414
140 1413
139 1413
139 1414
138 1415
135 1415
135 1416
136 1416
137 1415
138 1416
138 1417
137 1418
138 1419
136 1421
136 1422
131 1427
131 1428
129 1430
128 1429
128 1428
129 1427
129 1424
127 1426
128 1426
129 1427
124 1432
125 1431
126 1431
127 1432
124 1435
124 1436
119 1441
118 1440
117 1440
116 1439
116 1438
115 1438
116 1439
115 1440
113 1440
113 1441
114 1442
114 1443
113 1444
112 1443
113 1444
110 1447
109 1446
108 1446
108 1447
107 1448
106 1448
103 1451
104 1451
105 1450
108 1450
110 1448
111 1449
111 1450
109 1452
108 1452
107 1453
107 1454
106 1455
105 1455
104 1454
104 1453
103 1454
103 1455
104 1456
103 1457
103 1458
102 1459
101 1459
100 1458
99 1458
98 1459
98 1460
99 1461
95 1465
94 1464
94 1463
93 1464
92 1464
91 1465
90 1465
89 1466
88 1466
87 1467
87 1470
88 1471
86 1473
85 1473
81 1477
80 1477
78 1479
77 1479
76 1478
77 1477
77 1474
78 1473
79 1474
81 1474
81 1473
80 1472
77 1472
76 1471
75 1472
75 1473
74 1474
73 1474
74 1475
74 1477
73 1478
71 1476
70 1477
70 1478
68 1480
67 1480
67 1482
66 1483
65 1483
65 1484
66 1484
66 1483
67 1482
68 1483
70 1483
71 1484
70 1485
69 1485
66 1488
65 1488
63 1490
62 1490
61 1491
60 1491
59 1490
58 1491
57 1491
58 1491
59 1492
57 1494
57 1495
59 1495
61 1493
62 1493
65 1490
66 1490
67 1491
64 1494
64 1496
65 1496
65 1493
66 1492
68 1492
68 1491
67 1491
66 1490
68 1488
69 1488
71 1486
72 1486
73 1487
70 1490
70 1491
71 1492
71 1493
74 1493
75 1492
76 1492
77 1493
81 1493
81 1485
82 1484
84 1484
87 1481
87 1479
88 1478
88 1477
89 1476
91 1476
92 1477
95 1474
95 1473
94 1472
95 1471
96 1471
96 1469
95 1468
98 1465
99 1465
99 1464
101 1462
102 1462
103 1463
104 1462
103 1461
108 1456
108 1455
109 1454
110 1454
112 1452
112 1451
114 1449
115 1449
116 1448
117 1449
120 1449
121 1448
121 1447
120 1446
120 1445
119 1444
123 1440
124 1441
124 1442
125 1443
127 1443
125 1441
124 1441
123 1440
125 1438
125 1437
133 1429
133 1428
138 1423
138 1422
140 1420
141 1421
141 1422
144 1422
144 1420
142 1420
141 1419
143 1417
143 1416
147 1412
147 1411
152 1406
152 1405
156 1401
156 1400
157 1399
158 1400
158 1401
159 1401
159 1400
162 1397
163 1397
164 1396
164 1395
165 1394
165 1393
166 1392
166 1391
168 1389
169 1390
169 1391
170 1391
170 1389
169 1390
168 1389
167 1389
166 1388
169 1385
169 1384
177 1376
177 1375
178 1374
179 1375
179 1376
180 1377
179 1378
179 1379
177 1381
177 1382
176 1383
176 1384
175 1385
174 1384
174 1383
174 1385
175 1386
173 1388
173 1389
172 1390
172 1392
170 1394
169 1393
166 1396
166 1398
165 1399
165 1402
164 1403
165 1402
166 1403
166 1404
164 1406
164 1408
163 1409
163 1410
162 1411
162 1413
160 1415
160 1417
159 1418
159 1420
158 1421
158 1422
157 1423
157 1424
156 1425
156 1426
155 1427
155 1430
154 1431
154 1432
153 1433
152 1432
152 1431
152 1432
151 1433
150 1433
149 1434
149 1435
151 1435
152 1436
152 1437
151 1438
151 1444
150 1445
150 1448
149 1449
149 1451
148 1452
147 1451
147 1450
147 1451
146 1452
148 1454
148 1455
147 1456
147 1457
144 1460
144 1464
145 1465
145 1466
144 1467
144 1468
142 1470
142 1471
143 1472
143 1474
142 1475
142 1478
141 1479
141 1482
139 1484
138 1483
138 1484
139 1485
139 1487
138 1488
138 1490
140 1488
140 1486
141 1485
141 1484
142 1483
142 1480
143 1479
143 1478
144 1477
144 1475
145 1474
145 1472
146 1471
146 1469
147 1468
147 1465
148 1464
149 1465
149 1464
148 1463
148 1461
149 1460
150 1461
151 1461
151 1460
150 1460
149 1459
149 1457
150 1456
152 1458
154 1458
152 1456
151 1457
150 1456
150 1453
151 1452
151 1449
152 1448
152 1443
153 1442
153 1440
154 1439
154 1437
155 1436
155 1433
156 1432
156 1430
157 1429
157 1428
158 1427
159 1428
159 1429
159 1428
158 1427
158 1426
159 1425
159 1424
160 1423
160 1421
161 1420
161 1419
162 1418
162 1416
164 1414
164 1411
165 1410
166 1411
166 1414
166 1413
167 1412
167 1411
166 1411
165 1410
166 1409
166 1408
167 1407
167 1406
168 1405
169 1406
170 1406
170 1405
169 1406
168 1405
168 1404
169 1403
169 1401
170 1400
171 1401
171 1403
172 1403
172 1400
173 1399
173 1398
174 1397
174 1395
173 1394
173 1393
175 1391
175 1390
176 1389
176 1388
177 1387
177 1386
178 1385
178 1384
179 1383
180 1384
180 1386
181 1385
181 1384
183 1382
183 1381
182 1382
181 1381
181 1380
182 1379
182 1378
183 1377
184 1378
184 1379
185 1378
186 1379
186 1386
185 1387
185 1393
187 1395
186 1396
186 1399
187 1400
188 1400
189 1401
187 1403
187 1404
186 1405
185 1404
185 1402
183 1402
182 1401
182 1398
181 1399
181 1400
183 1402
183 1403
184 1403
186 1405
186 1406
185 1407
184 1406
182 1408
182 1409
181 1410
181 1412
182 1413
181 1414
181 1416
180 1417
180 1418
179 1419
178 1418
179 1419
179 1420
178 1421
177 1420
178 1421
178 1422
176 1424
175 1424
176 1425
176 1427
175 1428
175 1429
174 1430
173 1429
173 1428
173 1429
174 1430
174 1431
173 1432
173 1434
172 1435
172 1437
171 1438
170 1437
170 1436
170 1437
171 1438
171 1440
170 1441
170 1442
169 1443
169 1445
168 1446
167 1445
167 1444
167 1445
168 1446
168 1448
167 1449
166 1448
166 1449
165 1450
162 1450
162 1451
163 1451
165 1453
163 1455
163 1457
164 1456
165 1457
165 1458
164 1459
164 1462
163 1463
163 1468
162 1469
162 1472
161 1473
161 1477
162 1476
162 1474
163 1473
163 1471
164 1470
164 1465
165 1464
165 1462
166 1461
166 1459
167 1458
167 1456
168 1455
170 1457
170 1458
169 1459
175 1459
173 1457
171 1457
170 1456
170 1454
171 1453
172 1454
172 1453
173 1452
173 1451
172 1450
172 1449
172 1450
171 1451
171 1452
170 1453
169 1452
169 1449
170 1448
170 1447
171 1446
171 1444
172 1443
172 1441
173 1440
173 1438
174 1437
174 1436
175 1435
175 1434
176 1433
176 1431
177 1430
177 1429
178 1428
178 1426
179 1425
179 1424
181 1422
182 1423
183 1422
183 1421
184 1420
184 1419
185 1418
185 1416
184 1415
184 1414
186 1412
186 1410
187 1409
187 1408
188 1407
189 1408
190 1408
189 1408
188 1407
189 1406
189 1405
190 1404
191 1405
191 1406
192 1406
192 1404
191 1405
190 1404
190 1403
191 1402
191 1401
192 1400
193 1401
194 1401
195 1400
196 1401
196 1400
198 1398
198 1396
197 1395
198 1394
198 1393
201 1390
201 1389
203 1387
203 1386
204 1385
205 1385
206 1384
207 1384
207 1382
209 1380
210 1380
211 1379
210 1378
210 1377
211 1376
211 1375
212 1374
213 1375
213 1374
214 1373
214 1372
215 1371
216 1371
216 1369
217 1368
217 1367
218 1366
219 1366
219 1365
220 1364
219 1364
218 1363
220 1361
221 1362
222 1362
226 1358
226 1357
227 1356
227 1355
226 1354
229 1351
230 1352
231 1352
232 1351
233 1351
234 1350
235 1351
236 1351
237 1352
236 1353
234 1353
235 1354
235 1356
234 1357
235 1358
235 1359
234 1360
234 1361
232 1363
232 1364
233 1365
233 1366
232 1367
232 1369
231 1370
230 1369
230 1365
230 1367
229 1368
228 1368
228 1370
227 1371
225 1371
225 1372
226 1373
226 1375
227 1376
226 1377
226 1378
225 1379
224 1378
224 1377
223 1377
222 1378
219 1378
220 1379
219 1380
216 1380
216 1381
215 1382
216 1383
215 1384
215 1387
214 1388
213 1387
213 1385
212 1385
212 1386
211 1387
212 1388
210 1390
210 1392
208 1394
208 1395
204 1399
204 1400
205 1401
203 1403
203 1404
204 1405
203 1406
202 1406
202 1408
203 1408
204 1409
203 1410
203 1411
202 1412
201 1411
201 1410
200 1410
199 1411
199 1412
198 1413
197 1412
196 1413
197 1414
196 1415
194 1415
194 1416
193 1417
194 1416
195 1417
195 1418
194 1419
193 1419
195 1421
195 1422
194 1423
194 1425
195 1425
199 1421
199 1420
200 1419
201 1420
201 1421
201 1420
202 1419
201 1420
200 1419
200 1418
202 1416
203 1417
204 1417
205 1416
206 1416
206 1415
207 1414
208 1414
210 1412
211 1412
211 1411
210 1411
209 1410
211 1408
213 1408
213 1407
214 1406
215 1406
215 1404
212 1404
211 1403
212 1402
217 1402
218 1401
219 1402
219 1400
218 1399
217 1399
216 1398
216 1397
217 1396
217 1395
218 1394
219 1395
219 1396
220 1396
220 1395
219 1395
218 1394
219 1393
219 1392
221 1390
221 1389
224 1386
225 1387
225 1389
224 1390
224 1391
223 1392
223 1393
224 1393
225 1394
225 1395
224 1396
223 1396
221 1398
222 1399
223 1399
224 1400
224 1399
225 1398
226 1398
227 1399
227 1401
228 1402
228 1407
227 1408
227 1409
226 1410
226 1412
225 1413
225 1414
226 1414
228 1416
231 1416
232 1417
234 1417
235 1416
236 1416
236 1414
237 1413
237 1409
238 1408
238 1393
238 1394
237 1395
237 1396
236 1397
236 1398
233 1401
231 1401
228 1398
228 1392
229 1391
229 1390
227 1390
227 1391
225 1393
224 1392
224 1390
226 1388
230 1388
230 1386
232 1384
232 1382
233 1381
233 1380
235 1378
235 1377
236 1376
236 1375
237 1374
237 1373
236 1372
237 1371
237 1370
240 1367
240 1366
241 1365
241 1364
245 1360
245 1358
246 1357
246 1356
248 1354
248 1353
247 1352
248 1351
249 1351
249 1350
250 1349
252 1349
253 1348
254 1348
257 1351
259 1351
259 1350
260 1349
260 1344
262 1342
263 1342
264 1343
264 1345
265 1346
265 1350
266 1351
266 1361
265 1362
265 1363
264 1364
264 1366
263 1367
263 1370
262 1371
262 1373
261 1374
261 1375
260 1376
260 1378
259 1379
259 1381
258 1382
258 1385
257 1386
257 1388
256 1389
256 1391
255 1392
255 1396
254 1397
254 1407
253 1408
253 1410
252 1411
252 1414
251 1415
251 1422
252 1423
252 1428
253 1429
253 1438
254 1439
254 1447
255 1448
255 1453
256 1454
256 1458
257 1459
257 1462
258 1463
258 1467
259 1468
259 1471
260 1472
260 1473
261 1474
261 1475
262 1476
262 1478
263 1479
263 1482
264 1483
264 1485
265 1486
265 1489
266 1490
265 1491
266 1492
266 1494
267 1495
267 1499
266 1500
266 1501
267 1502
267 1505
266 1506
264 1506
263 1507
261 1507
260 1508
259 1507
257 1507
254 1504
254 1503
254 1504
252 1506
253 1506
254 1507
254 1508
253 1509
253 1510
252 1511
252 1515
253 1516
253 1517
252 1518
252 1519
251 1520
250 1519
250 1520
251 1521
251 1522
250 1523
250 1529
249 1530
249 1531
251 1533
250 1534
251 1535
251 1536
252 1537
252 1538
253 1539
253 1546
250 1549
250 1550
251 1551
249 1553
250 1554
250 1555
251 1556
251 1557
250 1558
249 1558
250 1559
251 1558
252 1558
253 1559
253 1561
252 1562
251 1562
251 1563
254 1566
253 1567
252 1567
251 1566
251 1570
249 1572
250 1573
250 1576
249 1577
248 1577
249 1578
249 1579
250 1580
250 1582
249 1583
248 1583
248 1584
247 1585
247 1586
250 1589
249 1590
249 1591
248 1592
247 1592
247 1594
248 1595
247 1596
247 1597
248 1598
248 1600
249 1601
251 1601
252 1602
252 1603
251 1604
250 1603
249 1604
250 1605
249 1606
249 1607
250 1608
250 1610
248 1612
248 1613
250 1615
250 1616
251 1617
251 1618
254 1618
255 1619
254 1620
251 1620
250 1621
251 1622
251 1623
252 1624
253 1624
254 1625
254 1626
253 1627
252 1627
252 1628
253 1628
254 1629
254 1630
253 1631
253 1635
252 1636
252 1638
253 1639
253 1641
251 1643
252 1644
251 1645
251 1650
252 1651
250 1653
251 1654
250 1655
250 1658
249 1659
249 1660
250 1661
249 1662
249 1664
250 1665
250 1666
249 1667
249 1668
248 1669
248 1670
249 1671
249 1672
248 1673
248 1676
247 1677
248 1678
248 1680
247 1681
249 1683
249 1685
248 1686
247 1686
249 1688
248 1689
248 1691
247 1692
247 1693
246 1694
246 1696
245 1697
245 1698
244 1699
244 1700
243 1701
243 1702
241 1704
241 1705
238 1708
238 1709
235 1712
234 1712
233 1713
233 1714
234 1714
236 1716
235 1717
234 1717
234 1718
236 1718
237 1719
236 1720
234 1720
234 1721
237 1721
239 1723
236 1726
235 1726
234 1725
231 1725
229 1723
228 1723
228 1724
229 1725
228 1726
227 1726
227 1729
226 1730
225 1729
226 1730
226 1731
224 1733
224 1734
225 1735
226 1735
227 1736
227 1737
226 1738
223 1738
223 1739
224 1740
224 1741
222 1743
222 1744
221 1745
221 1746
220 1747
220 1749
218 1751
217 1751
215 1753
214 1752
215 1753
215 1755
214 1756
212 1754
212 1755
213 1756
213 1758
216 1761
216 1766
215 1767
215 1768
212 1771
212 1773
211 1774
211 1775
209 1777
210 1778
210 1779
207 1782
207 1784
206 1785
206 1787
205 1788
205 1790
204 1791
204 1794
202 1796
202 1800
201 1801
200 1801
200 1804
202 1806
202 1807
201 1808
200 1808
200 1809
201 1810
199 1812
199 1813
200 1814
200 1816
199 1817
199 1818
200 1819
198 1821
199 1822
199 1823
198 1824
198 1830
197 1831
197 1832
198 1833
198 1839
197 1840
198 1841
197 1842
197 1843
196 1844
195 1844
194 1845
194 1846
195 1847
193 1849
191 1849
191 1852
192 1851
193 1851
194 1852
194 1857
195 1857
196 1858
196 1861
194 1863
193 1863
193 1864
194 1865
193 1866
191 1866
190 1865
191 1864
191 1862
192 1861
193 1861
193 1860
192 1860
192 1861
191 1862
190 1862
190 1863
189 1864
189 1866
188 1867
187 1866
186 1866
186 1867
185 1868
185 1869
186 1870
186 1871
185 1872
185 1877
186 1878
186 1879
185 1880
184 1880
184 1882
186 1882
187 1881
189 1881
190 1882
190 1883
192 1883
192 1882
191 1881
190 1881
189 1880
190 1879
192 1879
193 1878
194 1879
194 1883
195 1882
196 1883
196 1885
195 1886
195 1887
194 1888
191 1885
190 1885
188 1887
187 1886
187 1884
186 1885
186 1886
187 1887
186 1888
187 1887
188 1887
189 1888
189 1889
190 1889
191 1890
192 1890
193 1889
194 1890
194 1893
193 1894
192 1894
191 1893
189 1893
189 1895
188 1896
187 1895
187 1893
186 1892
186 1890
183 1890
182 1889
183 1890
183 1891
184 1891
185 1892
184 1893
177 1893
177 1895
178 1895
179 1894
181 1896
182 1895
183 1895
184 1894
185 1895
185 1896
184 1897
184 1898
187 1898
188 1897
188 1896
189 1895
190 1895
191 1896
192 1896
193 1897
192 1898
192 1899
194 1901
193 1902
192 1902
192 1904
189 1907
187 1907
187 1908
188 1909
187 1910
186 1910
186 1911
187 1911
187 1910
188 1909
189 1910
190 1910
191 1911
191 1912
189 1914
188 1914
188 1915
187 1916
187 1917
188 1917
188 1916
191 1913
193 1913
194 1914
193 1915
193 1917
191 1919
190 1919
190 1920
191 1921
191 1922
190 1923
190 1925
193 1925
194 1926
194 1927
193 1928
192 1928
190 1930
190 1932
191 1932
192 1931
193 1931
194 1932
194 1933
193 1934
194 1935
193 1936
192 1936
191 1937
190 1937
189 1938
188 1938
187 1939
186 1939
185 1938
185 1937
182 1937
181 1936
181 1935
181 1936
182 1937
179 1940
177 1938
177 1936
177 1941
178 1941
179 1940
180 1941
180 1939
181 1938
182 1939
182 1940
183 1941
184 1941
185 1940
186 1940
187 1939
188 1940
193 1940
194 1941
193 1942
189 1942
189 1943
188 1944
188 1946
187 1947
186 1946
186 1942
186 1943
185 1944
184 1943
183 1943
183 1945
184 1944
185 1945
185 1946
186 1946
187 1947
187 1949
186 1950
186 1952
187 1952
188 1953
187 1954
186 1954
186 1955
187 1955
188 1956
187 1957
186 1957
185 1958
184 1958
184 1959
183 1960
182 1959
182 1958
181 1958
180 1957
178 1957
178 1958
177 1959
177 1960
177 1959
179 1957
180 1957
181 1958
181 1959
182 1959
183 1960
182 1961
181 1961
180 1962
177 1962
177 1966
178 1967
179 1966
181 1966
181 1965
182 1964
183 1965
183 1967
182 1968
181 1968
184 1968
185 1969
185 1970
185 1969
186 1968
187 1968
188 1969
189 1968
190 1968
192 1970
190 1972
189 1971
187 1971
187 1972
184 1975
183 1975
182 1976
181 1975
181 1973
182 1972
182 1971
181 1970
179 1970
181 1972
178 1975
177 1975
177 1977
178 1976
179 1977
179 1979
181 1981
181 1982
182 1983
181 1984
181 1985
180 1986
179 1986
178 1985
178 1984
179 1983
178 1983
178 1986
179 1986
181 1988
180 1989
179 1989
180 1990
181 1989
182 1989
186 1993
187 1993
188 1994
187 1995
186 1995
186 1998
185 1999
184 1998
183 1998
183 2000
181 2002
180 2001
179 2001
178 2002
178 2003
177 2004
177 2005
177 2004
178 2003
180 2003
181 2002
182 2003
183 2002
184 2003
184 2004
182 2006
182 2007
183 2008
182 2009
181 2009
181 2011
182 2012
182 2013
181 2014
179 2014
178 2015
179 2015
180 2016
182 2014
183 2014
184 2015
181 2018
181 2019
179 2021
179 2022
180 2022
181 2023
181 2025
182 2024
183 2024
185 2026
186 2026
187 2027
187 2029
186 2030
185 2029
185 2028
185 2030
182 2033
181 2033
181 2034
182 2035
183 2035
185 2037
184 2038
183 2038
184 2039
187 2039
188 2038
189 2039
189 2040
188 2041
188 2043
189 2042
188 2041
189 2040
190 2040
191 2041
192 2041
194 2043
193 2044
192 2044
190 2046
189 2046
189 2047
187 2049
189 2049
192 2046
193 2046
195 2044
198 2047
197 2048
196 2048
196 2049
197 2050
197 2051
195 2053
194 2052
194 2050
193 2050
193 2052
192 2053
193 2054
192 2055
192 2056
193 2057
195 2055
196 2055
197 2056
197 2057
195 2059
195 2060
194 2061
193 2061
192 2062
190 2062
189 2063
188 2062
188 2061
187 2060
186 2060
187 2061
187 2064
188 2064
189 2065
190 2065
191 2064
192 2065
194 2065
195 2066
195 2067
193 2069
192 2068
192 2067
190 2067
189 2068
187 2068
187 2069
188 2069
189 2070
188 2071
188 2074
186 2076
186 2080
185 2081
185 2083
188 2080
190 2082
189 2083
191 2083
191 2082
194 2079
195 2080
196 2079
197 2079
198 2080
197 2081
197 2082
198 2082
199 2081
200 2082
200 2083
201 2083
201 2082
200 2082
199 2081
199 2079
200 2078
201 2078
202 2079
203 2079
204 2078
205 2079
205 2080
203 2082
203 2084
201 2086
200 2085
200 2086
201 2086
202 2087
200 2089
200 2090
201 2091
201 2094
202 2095
202 2096
201 2097
200 2097
200 2098
201 2098
202 2097
203 2098
203 2099
201 2101
200 2101
199 2100
200 2101
199 2102
198 2102
198 2104
197 2105
194 2105
195 2106
197 2106
198 2107
198 2108
201 2111
201 2112
199 2114
198 2114
197 2113
198 2112
198 2111
197 2110
196 2110
196 2111
195 2112
194 2112
194 2113
197 2113
198 2114
198 2115
197 2116
195 2116
195 2117
196 2117
197 2118
198 2118
200 2116
200 2115
203 2112
203 2111
204 2110
205 2110
205 2109
206 2108
207 2109
207 2111
206 2112
206 2113
205 2114
205 2115
204 2116
204 2117
203 2118
201 2118
201 2119
200 2120
199 2120
199 2121
198 2122
198 2124
195 2127
194 2126
194 2128
195 2129
195 2130
196 2131
197 2130
198 2131
198 2132
197 2133
196 2133
196 2134
195 2135
194 2135
194 2136
195 2136
195 2135
196 2134
197 2134
197 2133
198 2132
199 2133
199 2134
200 2134
201 2135
200 2136
198 2136
198 2137
196 2139
195 2138
193 2138
193 2139
194 2140
194 2142
192 2144
194 2144
195 2145
192 2148
191 2148
191 2151
190 2152
191 2151
193 2153
193 2156
192 2157
190 2157
190 2158
189 2159
188 2159
188 2160
189 2160
191 2158
192 2158
192 2157
195 2154
197 2154
199 2152
200 2153
200 2154
201 2154
201 2153
202 2152
202 2151
203 2150
207 2150
208 2151
207 2152
204 2152
204 2153
205 2154
207 2154
208 2155
208 2156
207 2157
206 2157
205 2158
205 2159
207 2159
208 2160
208 2161
209 2162
207 2164
206 2164
205 2163
205 2161
203 2161
202 2160
203 2159
203 2157
204 2156
203 2156
203 2159
202 2160
200 2160
199 2159
199 2158
198 2158
198 2159
199 2159
200 2160
200 2161
201 2162
200 2163
196 2163
197 2164
197 2165
194 2168
195 2168
196 2167
198 2167
199 2166
200 2166
201 2165
202 2166
202 2167
201 2168
201 2169
206 2169
207 2170
208 2170
209 2171
209 2172
210 2172
211 2173
210 2174
207 2174
207 2176
208 2177
207 2178
206 2178
205 2179
205 2181
204 2182
202 2182
202 2184
201 2185
201 2186
203 2184
204 2184
204 2182
205 2181
206 2181
208 2179
209 2180
210 2179
211 2179
212 2180
213 2179
215 2179
216 2180
215 2181
214 2181
214 2182
215 2183
213 2185
215 2187
214 2188
214 2189
215 2189
216 2190
216 2191
213 2194
212 2193
210 2195
209 2194
208 2194
208 2196
209 2196
210 2197
210 2198
209 2199
208 2198
207 2198
207 2199
208 2199
209 2200
210 2200
211 2201
210 2202
209 2202
208 2203
207 2202
207 2201
206 2201
206 2202
207 2202
208 2203
205 2206
204 2205
205 2206
203 2208
204 2208
206 2206
207 2206
209 2204
210 2204
213 2201
214 2201
215 2200
216 2201
216 2202
215 2203
214 2203
214 2204
218 2204
219 2203
220 2204
221 2204
222 2205
222 2207
225 2207
226 2208
224 2210
224 2212
225 2213
224 2214
223 2214
222 2213
222 2214
221 2215
220 2214
219 2214
220 2215
218 2217
216 2217
215 2216
215 2215
213 2217
212 2216
212 2215
211 2214
211 2213
211 2214
212 2215
211 2216
213 2218
212 2219
210 2219
210 2221
211 2222
212 2221
215 2221
217 2219
218 2220
218 2221
218 2219
219 2218
220 2218
221 2219
220 2220
221 2219
222 2220
223 2220
224 2219
225 2220
225 2221
224 2222
224 2223
223 2224
222 2224
221 2223
221 2224
220 2225
219 2225
218 2224
218 2225
217 2226
216 2225
216 2224
214 2224
215 2224
217 2226
215 2228
213 2226
212 2226
213 2227
213 2229
212 2230
212 2231
210 2233
214 2233
215 2232
219 2232
220 2231
223 2231
224 2230
226 2230
227 2229
229 2229
230 2228
232 2228
233 2229
232 2230
231 2230
231 2231
232 2231
233 2232
232 2233
231 2233
231 2234
228 2237
227 2236
225 2236
225 2237
226 2238
225 2239
225 2243
223 2245
222 2245
221 2246
220 2245
220 2244
219 2243
218 2243
217 2244
216 2243
216 2240
217 2239
218 2239
219 2238
220 2238
219 2238
217 2236
217 2234
216 2234
216 2236
217 2236
218 2237
217 2238
213 2238
211 2236
210 2236
211 2237
212 2237
213 2238
213 2239
214 2239
215 2240
215 2241
216 2242
215 2243
214 2243
213 2242
213 2241
212 2241
211 2240
211 2242
210 2243
209 2243
208 2244
209 2244
210 2243
211 2243
212 2244
212 2245
213 2245
214 2246
214 2247
212 2249
213 2250
213 2251
215 2251
217 2249
220 2249
221 2250
221 2248
222 2247
223 2247
224 2248
224 2250
225 2251
225 2252
223 2254
222 2253
222 2252
221 2252
221 2254
219 2256
218 2256
218 2258
220 2260
221 2260
221 2259
220 2259
219 2258
219 2257
220 2256
221 2257
223 2257
224 2258
225 2258
226 2259
225 2260
225 2261
227 2261
229 2263
229 2264
230 2264
231 2265
231 2266
228 2269
227 2268
227 2267
224 2267
224 2268
226 2270
228 2270
229 2271
227 2273
225 2273
224 2274
225 2275
227 2275
228 2274
231 2274
232 2273
236 2273
237 2274
236 2273
237 2272
240 2272
241 2271
242 2272
242 2273
243 2274
244 2274
244 2271
245 2270
246 2270
247 2269
248 2269
249 2270
248 2271
248 2272
250 2274
249 2275
247 2275
246 2276
245 2276
244 2277
242 2277
241 2276
240 2276
240 2277
241 2278
240 2279
237 2279
237 2280
236 2281
235 2281
234 2282
233 2281
231 2281
230 2280
229 2280
229 2281
230 2280
231 2281
231 2282
230 2283
232 2283
233 2284
234 2284
235 2283
236 2283
237 2282
238 2283
241 2283
242 2282
245 2282
246 2283
246 2285
247 2286
246 2287
246 2290
248 2290
251 2287
252 2288
253 2288
253 2287
254 2286
256 2286
257 2285
258 2285
259 2284
267 2284
268 2285
268 2286
267 2287
266 2287
265 2288
264 2288
263 2289
260 2289
259 2290
257 2290
256 2291
250 2291
249 2292
245 2292
244 2291
244 2289
242 2289
242 2291
243 2291
244 2292
244 2293
243 2294
243 2296
245 2294
250 2294
251 2295
253 2295
254 2296
253 2297
246 2297
246 2298
245 2299
244 2298
243 2298
243 2299
245 2301
247 2299
249 2299
250 2300
249 2301
248 2301
246 2303
245 2303
244 2304
243 2304
242 2305
241 2305
240 2306
241 2307
242 2307
243 2306
244 2306
245 2305
246 2306
246 2307
245 2308
245 2309
244 2310
243 2309
241 2309
241 2311
242 2311
243 2310
244 2311
245 2311
246 2310
247 2311
251 2311
252 2312
252 2315
251 2316
250 2315
249 2315
248 2314
247 2314
247 2316
248 2317
246 2319
246 2320
245 2321
246 2321
247 2322
248 2321
248 2320
249 2319
250 2319
251 2318
253 2320
252 2321
251 2321
254 2321
254 2320
256 2318
257 2318
258 2319
258 2320
256 2322
258 2324
257 2323
258 2322
258 2321
260 2319
259 2318
260 2317
263 2317
264 2316
268 2316
269 2317
268 2318
269 2319
268 2320
267 2320
266 2321
265 2320
263 2320
262 2319
263 2320
262 2321
261 2321
261 2323
260 2324
260 2326
262 2326
263 2327
262 2328
259 2328
258 2329
256 2327
255 2327
252 2330
251 2330
250 2331
250 2332
249 2333
248 2332
247 2332
247 2333
249 2333
250 2332
252 2332
253 2333
250 2336
248 2336
246 2338
246 2339
247 2340
247 2341
248 2341
248 2340
249 2339
250 2340
250 2341
251 2341
250 2340
250 2339
251 2338
251 2337
252 2336
254 2338
254 2339
253 2340
253 2341
255 2343
252 2346
251 2345
251 2343
249 2343
248 2344
249 2345
249 2346
250 2347
249 2348
249 2349
250 2349
251 2348
253 2350
252 2351
251 2351
250 2352
249 2351
248 2351
249 2352
250 2352
251 2353
259 2353
260 2354
259 2355
259 2356
260 2357
260 2358
263 2361
262 2362
260 2362
260 2364
259 2365
259 2366
257 2368
256 2368
255 2367
256 2366
255 2365
253 2367
255 2369
256 2369
257 2368
258 2368
259 2369
260 2368
260 2366
259 2365
260 2364
262 2364
263 2365
262 2366
262 2368
267 2368
268 2369
267 2370
265 2370
264 2371
267 2371
270 2374
270 2372
271 2371
272 2371
271 2371
270 2370
271 2369
273 2369
274 2370
274 2371
277 2371
278 2372
276 2374
275 2374
274 2375
273 2375
272 2376
271 2376
269 2378
269 2379
268 2380
269 2381
269 2382
267 2384
267 2388
268 2388
269 2389
269 2388
270 2387
271 2387
272 2388
275 2388
276 2389
275 2390
272 2390
272 2392
273 2393
273 2394
272 2395
271 2394
272 2395
272 2399
273 2399
274 2398
275 2398
276 2399
1079 2399
1079 1834
1078 1834
1077 1833
1076 1833
1075 1832
1074 1832
1071 1829
1070 1829
1069 1828
1068 1828
1066 1826
1065 1826
1064 1825
1063 1825
1062 1824
1061 1824
1058 1821
1057 1821
1055 1819
1054 1819
1052 1817
1051 1817
1050 1816
1049 1816
1048 1815
1047 1815
1045 1813
1044 1813
1041 1810
1040 1810
1039 1809
1038 1809
1036 1807
1035 1807
1034 1806
1033 1806
1032 1805
1031 1805
1030 1804
1029 1804
1026 1801
1025 1801
1023 1799
1022 1799
1021 1798
1020 1798
1018 1796
1016 1796
1015 1795
1014 1795
1012 1793
1011 1793
1008 1790
1007 1790
1006 1789
1005 1789
1004 1788
1003 1788
1001 1786
999 1786
998 1785
997 1785
995 1783
994 1783
992 1781
991 1781
990 1780
989 1780
987 1778
985 1778
984 1777
983 1777
982 1776
981 1776
980 1775
978 1775
977 1774
976 1774
975 1773
974 1773
973 1772
971 1772
970 1771
968 1771
967 1770
964 1770
963 1769
961 1769
960 1768
959 1768
958 1767
957 1767
956 1766
955 1766
953 1764
952 1764
948 1760
947 1760
939 1752
938 1752
935 1749
934 1749
932 1747
932 1746
931 1746
927 1742
926 1742
923 1739
923 1738
922 1738
909 1725
908 1725
907 1724
907 1723
897 1713
897 1712
896 1712
890 1706
890 1705
883 1698
882 1698
880 1696
879 1696
877 1694
876 1694
869 1687
869 1686
867 1684
867 1683
864 1680
864 1678
863 1677
863 1676
861 1674
861 1673
860 1672
860 1671
859 1670
859 1669
857 1667
857 1666
855 1664
855 1663
854 1662
854 1660
853 1659
853 1658
851 1656
851 1655
850 1654
850 1653
849 1652
849 1651
848 1650
848 1649
847 1648
847 1647
846 1646
846 1645
845 1644
845 1643
844 1642
844 1640
843 1639
843 1638
842 1637
842 1635
841 1634
841 1633
840 1632
840 1631
839 1630
839 1629
838 1628
838 1626
837 1625
837 1623
835 1621
835 1620
834 1619
834 1617
833 1616
833 1613
832 1612
832 1611
830 1609
830 1608
829 1607
829 1604
828 1603
828 1601
827 1600
827 1599
825 1597
825 1595
824 1594
824 1591
823 1590
823 1589
822 1588
822 1587
821 1586
821 1585
820 1584
820 1582
819 1581
819 1579
817 1577
817 1574
815 1572
815 1569
811 1565
811 1564
813 1562
812 1561
811 1561
810 1562
809 1561
808 1561
807 1560
808 1559
809 1559
809 1558
808 1558
807 1557
807 1556
805 1554
805 1553
804 1553
803 1552
803 1550
804 1549
801 1546
801 1545
800 1544
800 1542
798 1540
798 1538
799 1537
798 1536
798 1531
796 1529
796 1525
795 1526
794 1525
794 1524
795 1523
795 1521
797 1519
796 1518
794 1518
793 1517
794 1516
795 1516
794 1516
793 1515
794 1514
796 1514
796 1512
794 1512
793 1511
797 1507
796 1507
794 1505
795 1504
794 1503
794 1502
795 1501
795 1499
796 1498
796 1494
797 1493
798 1493
797 1492
797 1493
796 1494
795 1494
794 1493
795 1492
795 1491
793 1489
795 1487
797 1489
797 1488
796 1488
794 1486
795 1485
796 1485
797 1484
798 1484
798 1483
796 1481
796 1473
795 1472
795 1465
796 1464
795 1463
795 1462
794 1461
794 1459
795 1458
793 1456
793 1455
794 1454
794 1445
793 1444
793 1443
794 1442
794 1437
795 1436
795 1435
796 1434
795 1433
796 1432
798 1432
798 1428
800 1426
802 1426
803 1425
804 1425
805 1424
806 1425
806 1424
807 1423
807 1421
806 1420
805 1420
804 1419
804 1418
803 1417
803 1410
804 1409
804 1408
803 1407
803 1405
802 1404
802 1402
801 1401
803 1399
802 1398
802 1396
803 1395
803 1387
804 1386
803 1385
803 1372
804 1371
804 1370
805 1369
805 1368
806 1367
806 1366
807 1365
807 1364
817 1354
818 1354
819 1353
820 1353
820 1352
822 1350
823 1350
823 1348
824 1347
824 1346
825 1345
825 1344
826 1343
827 1343
828 1342
828 1341
830 1339
830 1337
832 1335
832 1334
831 1333
831 1332
833 1330
834 1330
834 1327
835 1326
836 1327
837 1326
836 1325
836 1323
837 1322
836 1322
835 1321
836 1320
837 1320
839 1318
837 1316
838 1315
839 1315
840 1316
839 1315
839 1314
838 1313
838 1312
839 1311
840 1311
841 1312
841 1313
841 1312
840 1311
840 1310
841 1309
840 1309
839 1308
839 1307
841 1305
841 1303
842 1302
842 1299
841 1298
843 1296
843 1293
844 1292
844 1291
845 1290
845 1287
846 1286
847 1286
847 1285
850 1282
850 1281
851 1280
852 1281
852 1280
853 1279
854 1279
854 1278
856 1276
856 1275
857 1274
858 1275
858 1274
856 1272
856 1271
857 1270
859 1272
860 1272
860 1269
859 1270
858 1269
858 1268
859 1267
862 1267
862 1266
859 1266
859 1267
858 1268
857 1267
857 1266
856 1265
857 1264
858 1264
859 1263
863 1263
862 1262
862 1261
863 1260
864 1261
864 1258
863 1257
864 1256
865 1256
865 1255
864 1254
864 1253
865 1252
865 1250
864 1251
863 1250
863 1249
865 1247
864 1246
864 1245
863 1244
863 1243
862 1244
861 1244
859 1242
859 1240
858 1239
857 1239
856 1238
856 1237
855 1236
855 1233
854 1232
854 1231
855 1230
855 1226
856 1225
856 1224
857 1223
857 1222
859 1220
859 1219
865 1213
866 1213
869 1210
870 1210
872 1208
871 1207
872 1206
874 1206
874 1205
875 1204
877 1204
878 1203
879 1203
882 1200
883 1200
883 1198
882 1197
883 1196
884 1196
885 1195
886 1196
888 1196
889 1197
889 1198
890 1198
890 1193
891 1192
892 1192
895 1189
895 1188
896 1187
897 1187
897 1186
898 1185
899 1185
898 1184
898 1183
900 1181
902 1181
903 1182
901 1184
902 1185
903 1184
904 1184
903 1183
903 1182
904 1181
905 1181
905 1180
904 1179
904 1178
905 1177
906 1178
907 1177
907 1176
906 1176
905 1175
906 1174
907 1174
908 1173
909 1173
911 1171
911 1170
912 1169
912 1168
913 1167
913 1165
915 1163
915 1161
916 1160
916 1159
917 1158
917 1156
919 1154
919 1152
920 1151
920 1149
921 1148
921 1146
923 1144
923 1143
924 1142
924 1138
925 1137
925 1136
926 1135
926 1133
925 1132
925 1131
927 1129
927 1128
928 1127
927 1126
927 1125
928 1124
929 1124
928 1123
929 1122
929 1121
928 1121
927 1120
927 1119
928 1118
929 1119
929 1116
930 1115
932 1115
932 1114
931 1113
932 1112
934 1112
934 1108
935 1107
936 1108
937 1107
936 1106
934 1106
933 1105
935 1103
936 1103
936 1102
935 1102
934 1101
935 1100
936 1100
937 1099
938 1100
938 1098
940 1096
939 1095
939 1094
941 1092
941 1090
942 1089
942 1088
941 1087
942 1086
943 1086
943 1083
942 1082
942 1081
943 1080
945 1080
945 1078
946 1077
946 1076
945 1075
945 1073
946 1072
946 1071
948 1069
948 1067
949 1066
949 1065
950 1064
950 1061
951 1060
951 1058
952 1057
949 1054
951 1052
952 1052
951 1051
950 1051
949 1050
949 1048
950 1047
952 1049
954 1049
954 1045
955 1044
954 1043
956 1041
957 1041
956 1040
956 1039
957 1038
958 1038
958 1034
960 1032
959 1031
958 1032
957 1031
957 1030
959 1028
960 1028
959 1027
961 1025
962 1025
961 1025
960 1024
961 1023
961 1021
960 1020
961 1019
961 1016
963 1014
963 1010
964 1009
964 1008
965 1007
965 1006
966 1005
966 1002
967 1001
967 998
968 997
968 995
969 994
969 993
970 992
970 988
971 987
971 983
972 982
972 973
973 972
973 968
974 967
974 961
975 960
975 955
976 954
976 947
977 946
976 945
977 944
977 938
978 937
978 936
977 935
977 934
979 932
979 923
980 922
979 921
979 918
978 917
978 915
977 914
977 913
978 912
977 911
977 910
976 909
976 903
975 902
975 900
974 899
974 897
973 896
973 895
974 894
974 892
972 890
972 887
971 886
971 883
970 882
970 881
969 880
969 879
968 878
969 877
969 875
968 875
967 874
967 873
965 871
964 871
958 865
957 865
956 864
954 864
953 863
953 862
952 861
950 861
949 860
948 860
947 859
945 859
944 858
943 858
942 857
938 857
937 856
934 856
933 855
933 854
930 854
929 853
928 853
927 854
925 854
924 853
925 852
925 851
923 851
922 850
918 850
917 849
916 850
915 850
914 849
913 850
912 850
911 849
909 849
908 848
906 848
905 849
903 849
901 847
900 847
899 848
894 848
893 847
892 848
891 847
890 848
889 848
888 849
885 849
884 850
883 850
882 851
880 851
879 852
871 852
870 851
869 851
868 852
866 852
865 853
864 853
863 854
856 854
855 853
852 853
851 854
850 854
848 856
847 856
847 857
848 858
842 864
841 864
840 865
839 865
838 864
839 863
838 863
838 864
839 865
839 866
838 867
837 866
835 866
834 867
833 867
832 868
831 868
832 869
831 870
830 870
829 869
827 869
828 870
827 871
826 871
826 872
825 873
824 872
823 873
822 873
822 875
820 877
819 876
818 876
817 877
816 877
815 878
814 878
813 879
811 879
810 880
809 880
807 882
806 882
805 883
804 883
803 884
803 885
802 886
798 886
797 887
796 887
796 888
794 890
795 891
795 892
794 893
793 892
792 892
790 894
789 894
790 895
790 899
791 900
791 906
790 907
790 909
788 911
787 911
787 912
786 913
785 913
784 914
785 915
784 916
782 916
782 917
780 919
778 919
778 920
777 921
778 922
776 924
774 924
774 925
773 926
772 926
771 927
770 927
768 929
766 929
763 932
762 932
761 933
761 934
760 935
758 935
758 936
756 938
756 939
755 940
753 940
752 941
751 941
750 942
749 942
747 944
746 944
742 948
743 949
743 951
741 953
739 953
739 954
738 955
737 955
737 956
736 957
734 957
733 958
733 959
732 960
731 960
730 961
729 961
729 962
728 963
727 963
726 964
726 965
725 966
723 966
724 967
724 968
723 969
722 968
721 968
721 969
720 970
718 970
719 971
719 973
718 974
716 972
714 974
714 975
712 977
711 977
710 976
709 976
711 978
710 979
709 979
708 978
706 978
706 979
705 980
702 980
702 981
703 980
704 981
705 981
706 982
705 983
702 983
701 984
700 983
698 983
697 984
697 985
696 986
695 986
694 987
693 986
691 986
691 987
690 988
688 988
687 989
686 988
685 988
684 989
682 989
681 990
678 990
678 991
676 993
674 993
673 994
673 995
672 996
671 996
670 995
670 994
669 995
668 995
667 996
666 996
665 995
665 994
664 995
663 995
662 994
662 993
663 992
663 991
664 990
665 991
666 991
671 986
672 986
672 985
671 984
672 983
673 983
672 983
671 982
672 981
673 981
674 980
674 978
675 977
674 976
674 975
675 974
677 976
677 975
678 974
679 974
679 973
680 972
682 972
682 971
684 969
686 969
689 966
690 966
690 965
688 963
689 962
690 962
689 961
690 960
691 960
689 960
688 959
690 957
691 957
693 955
694 955
696 953
697 953
698 954
699 954
700 953
701 954
702 954
702 953
704 951
703 951
702 952
701 952
700 951
702 949
703 949
705 947
706 947
707 946
708 947
708 948
707 949
706 949
706 951
707 950
707 949
708 948
709 948
710 949
712 949
712 948
711 947
711 946
712 945
714 945
715 946
718 946
717 945
717 942
716 941
717 940
719 940
721 942
719 944
720 945
721 945
724 942
726 942
726 941
728 939
731 939
730 938
731 937
732 937
733 936
736 936
737 937
738 936
741 936
741 935
742 934
743 934
744 933
745 933
746 932
746 931
747 930
749 930
749 929
750 928
751 929
752 929
753 928
754 928
756 926
758 926
758 925
759 924
759 922
760 921
762 921
764 919
766 919
767 918
768 918
769 917
770 917
770 916
773 913
773 912
772 911
772 910
773 909
774 909
775 908
775 907
777 905
777 904
778 903
779 903
779 902
777 904
776 904
774 906
773 905
773 906
772 907
771 907
770 906
769 906
769 907
768 908
767 907
765 907
765 909
766 910
765 911
761 911
760 910
759 910
759 911
758 912
757 912
756 913
755 913
754 914
753 913
753 912
752 913
752 914
751 915
750 915
749 916
747 916
746 915
745 915
744 916
742 916
742 917
741 918
740 918
739 917
738 918
736 918
735 919
734 919
734 920
733 921
732 921
731 922
730 922
729 921
729 920
728 921
727 921
725 923
723 923
724 923
725 924
724 925
722 925
722 926
723 926
724 927
723 928
720 928
719 927
720 928
719 929
717 929
716 928
715 929
715 930
714 931
713 931
713 932
714 933
713 934
712 934
709 931
710 930
711 930
710 929
709 930
708 930
708 931
707 932
706 932
703 935
701 935
702 936
704 934
707 934
708 935
707 936
708 936
710 938
710 939
711 939
712 940
711 941
710 941
707 944
706 944
704 946
703 946
702 945
700 945
699 946
694 946
693 945
691 945
691 947
690 948
689 947
689 946
688 946
687 945
687 942
688 941
688 940
688 941
687 942
686 942
686 943
687 944
684 947
683 946
681 948
681 949
682 949
683 948
686 948
687 947
689 949
687 951
686 950
684 950
683 951
679 951
678 950
677 951
676 951
676 952
678 954
677 955
675 955
677 957
676 958
675 958
674 957
673 957
672 958
671 957
671 958
672 959
671 960
670 960
669 959
668 959
669 959
670 960
668 962
665 962
664 963
663 963
663 964
664 964
665 965
664 966
662 966
661 965
659 967
659 968
658 969
655 969
654 970
655 971
655 973
654 974
651 971
650 972
650 974
649 975
648 975
645 978
644 978
643 979
642 978
642 979
643 979
644 980
644 981
643 982
642 982
642 983
641 984
641 985
639 987
638 986
637 986
632 991
631 991
630 992
629 992
629 993
630 992
631 992
633 994
633 995
632 996
631 996
630 995
627 995
626 996
625 996
623 998
622 997
622 996
621 997
620 997
618 995
620 993
621 993
621 992
622 991
622 988
623 987
623 984
624 983
625 983
626 984
627 983
626 983
625 982
627 980
628 980
629 981
629 980
630 979
629 978
631 976
632 977
632 978
632 977
634 975
634 974
633 975
632 975
631 974
632 973
630 971
630 970
631 969
631 968
633 966
633 965
635 963
637 965
637 966
636 967
635 967
634 968
636 968
637 967
639 967
638 966
638 964
640 962
642 962
643 963
642 964
641 964
641 965
642 965
642 964
644 962
645 962
644 961
643 961
642 960
642 959
643 958
644 959
645 959
645 958
646 957
648 959
649 958
649 957
648 956
648 955
649 954
651 954
653 952
655 952
655 951
657 949
657 948
658 947
660 947
660 946
659 946
658 945
657 945
656 944
656 943
657 942
659 942
660 943
660 944
662 944
662 943
661 943
660 942
660 941
659 940
660 939
661 939
662 940
662 939
660 937
663 934
665 934
666 933
666 932
663 932
661 930
660 931
660 932
661 932
662 931
663 932
663 933
661 935
658 935
657 936
657 938
656 939
654 939
654 941
653 942
651 940
651 939
653 937
653 936
656 933
656 932
657 931
657 930
660 927
660 926
661 925
661 924
664 921
664 920
666 918
666 917
667 916
667 915
670 912
670 911
671 910
671 909
673 907
674 908
677 908
677 907
678 906
680 906
679 906
678 905
677 905
676 906
675 906
674 905
676 903
676 902
678 900
678 899
679 898
680 899
681 899
681 898
682 897
683 898
683 897
681 897
680 896
683 893
684 894
685 893
686 893
685 892
684 892
683 891
686 888
686 887
688 885
689 886
689 887
692 887
693 886
695 888
694 889
693 889
693 890
692 891
690 889
689 890
689 891
690 890
691 891
691 892
692 891
693 892
692 891
693 890
694 890
694 889
695 888
697 888
696 887
695 887
694 886
694 884
695 883
696 884
697 883
698 884
699 883
699 882
700 881
701 881
701 880
700 880
699 879
700 878
700 877
701 876
703 878
704 877
704 876
705 875
706 876
706 877
707 878
708 877
708 875
709 874
710 874
710 873
716 867
716 866
718 864
718 863
720 861
720 860
721 859
721 858
722 857
722 856
723 855
723 854
725 852
725 850
726 849
726 846
727 845
727 844
728 843
728 842
729 841
729 838
731 836
731 835
733 833
734 834
735 834
736 833
734 833
733 832
733 831
734 830
735 830
736 831
737 831
738 832
737 831
738 830
736 830
735 829
733 829
731 831
730 831
723 824
724 823
723 822
722 822
721 821
721 820
719 820
718 821
717 820

