247 2281
246 2282
171 2282
171 2283
172 2284
172 2286
173 2286
174 2287
174 2288
173 2289
173 2290
176 2293
176 2294
177 2295
177 2296
178 2296
179 2297
179 2298
180 2299
180 2301
182 2303
182 2305
183 2306
182 2307
178 2307
178 2309
177 2310
176 2309
174 2309
175 2310
174 2311
174 2314
173 2315
172 2315
171 2316
168 2316
163 2321
159 2321
158 2322
157 2321
156 2321
154 2323
153 2323
151 2325
149 2325
147 2327
145 2327
144 2328
140 2328
137 2331
135 2331
134 2332
130 2332
129 2333
122 2333
121 2334
119 2334
118 2335
116 2335
115 2336
111 2336
110 2337
100 2337
99 2338
98 2338
97 2339
89 2339
88 2340
87 2339
86 2339
85 2340
83 2340
82 2341
71 2341
70 2340
67 2340
66 2339
64 2339
63 2338
62 2339
61 2338
59 2338
58 2337
56 2337
55 2336
53 2336
52 2335
51 2335
50 2334
35 2334
34 2333
33 2334
32 2333
27 2333
26 2332
22 2332
21 2331
16 2331
15 2330
15 2328
14 2327
14 2326
13 2325
11 2325
10 2324
8 2324
7 2323
6 2323
5 2322
4 2322
3 2321
1 2321
0 2320
0 2399
1079 2399
1079 2282
1063 2282
1062 2283
1057 2283
1057 2284
1059 2284
1060 2283
1061 2283
1062 2284
1062 2285
1061 2286
1060 2286
1059 2287
1044 2287
1043 2288
1042 2288
1041 2287
1040 2288
1013 2288
1013 2289
1014 2289
1015 2290
1020 2290
1021 2291
1028 2291
1029 2292
1044 2292
1045 2293
1045 2294
1044 2295
1034 2295
1033 2296
1032 2295
1015 2295
1013 2297
1004 2297
1003 2298
994 2298
993 2299
986 2299
984 2301
981 2301
980 2302
975 2302
974 2303
973 2302
972 2303
967 2303
966 2304
957 2304
956 2305
946 2305
945 2306
939 2306
938 2305
938 2303
939 2302
939 2301
940 2300
940 2298
944 2294
944 2293
942 2295
937 2295
936 2296
926 2296
925 2297
911 2297
910 2296
910 2292
894 2292
893 2293
857 2293
856 2292
856 2291
857 2290
860 2290
861 2289
862 2289
863 2288
866 2288
867 2287
869 2287
870 2286
874 2286
875 2285
876 2286
877 2285
882 2285
883 2284
884 2284
885 2285
887 2285
888 2284
914 2284
916 2282
916 2281
915 2282
826 2282
825 2281
545 2281
544 2282
543 2281
541 2281
540 2282
516 2282
516 2287
515 2288
515 2291
514 2292
514 2294
513 2295
513 2297
511 2299
511 2300
510 2301
510 2302
507 2305
503 2305
502 2306
501 2306
500 2307
499 2307
498 2308
497 2308
496 2307
496 2306
495 2307
494 2306
493 2306
492 2307
491 2306
490 2306
489 2307
488 2307
484 2311
484 2312
482 2314
481 2313
480 2314
474 2314
473 2313
472 2314
471 2313
470 2314
463 2314
462 2313
461 2314
458 2314
457 2313
456 2314
446 2314
445 2313
444 2314
442 2314
437 2319
435 2319
434 2318
432 2318
431 2317
430 2318
429 2318
428 2317
426 2317
425 2316
423 2316
421 2314
413 2314
412 2313
398 2313
397 2312
377 2312
376 2311
367 2311
366 2312
365 2311
361 2311
360 2310
359 2311
358 2311
357 2310
357 2309
345 2309
344 2308
337 2308
336 2307
335 2307
334 2306
331 2306
330 2305
329 2305
328 2304
327 2304
326 2303
325 2303
324 2302
323 2302
322 2301
316 2301
315 2300
314 2301
312 2301
311 2300
299 2300
298 2301
297 2300
289 2300
288 2299
289 2298
289 2297
288 2298
286 2298
285 2297
281 2297
280 2296
277 2296
277 2297
276 2298
275 2298
271 2294
271 2293
268 2290
268 2289
266 2287
266 2284
265 2283
265 2282
249 2282
248 2281

343 781
341 783
340 783
339 782
337 782
336 783
332 783
331 784
329 784
327 786
325 786
324 787
322 787
320 789
319 788
318 789
317 789
316 790
315 790
314 791
313 791
312 792
310 792
310 793
309 794
308 794
305 797
304 797
303 798
303 800
299 804
297 804
296 805
295 805
295 806
296 807
296 808
295 809
294 809
294 810
292 812
289 812
289 814
290 815
287 818
288 819
287 820
286 820
287 821
286 822
284 822
284 823
283 824
283 828
282 829
282 831
281 832
280 832
279 833
278 833
277 834
277 836
276 837
275 837
274 838
274 840
275 841
275 843
274 844
273 844
272 845
272 848
271 849
269 849
269 851
270 852
269 853
270 854
270 855
268 857
268 858
269 859
269 860
268 861
266 859
266 863
264 865
265 866
265 868
264 869
266 871
265 872
264 872
264 873
263 874
263 875
264 875
265 876
265 877
264 878
264 887
263 888
263 890
264 891
263 892
263 897
262 898
262 903
261 904
261 907
262 908
261 909
261 913
262 914
261 915
261 918
262 919
261 920
261 923
260 924
259 924
258 925
260 925
261 926
261 929
258 932
259 932
260 933
258 935
258 937
259 936
260 937
260 938
259 939
258 939
258 943
257 944
257 949
258 950
258 951
257 952
257 958
256 959
256 960
257 961
256 962
256 963
255 964
256 965
256 967
257 968
257 969
255 971
255 983
256 984
256 987
255 988
255 998
254 999
253 999
252 998
252 996
251 996
251 997
250 998
249 998
251 998
252 999
252 1000
253 1001
252 1002
250 1002
249 1003
248 1003
249 1004
249 1006
248 1007
247 1007
246 1006
248 1008
247 1009
246 1009
246 1010
247 1011
245 1013
244 1012
244 1011
243 1010
243 1009
242 1010
241 1010
240 1009
239 1009
240 1010
241 1010
243 1012
242 1013
241 1013
240 1012
239 1012
238 1013
235 1013
238 1013
239 1014
239 1015
240 1016
240 1017
241 1018
240 1019
241 1020
241 1021
240 1022
239 1022
240 1023
237 1026
237 1027
238 1028
237 1029
236 1029
235 1028
234 1028
233 1029
234 1028
235 1029
235 1030
234 1031
231 1031
232 1032
231 1033
230 1033
231 1033
232 1034
232 1035
231 1036
230 1036
229 1037
228 1037
227 1038
226 1038
228 1040
227 1041
225 1041
225 1045
226 1044
234 1044
235 1045
238 1045
239 1046
240 1045
241 1046
242 1046
242 1043
243 1042
243 1038
244 1037
244 1034
245 1033
245 1031
246 1030
246 1028
247 1027
247 1026
248 1025
248 1024
249 1023
249 1022
252 1019
252 1018
254 1016
256 1016
256 1015
260 1011
261 1012
261 1014
262 1015
261 1016
261 1018
262 1019
262 1020
263 1020
264 1021
262 1023
261 1023
260 1024
259 1023
258 1023
259 1024
258 1025
255 1025
256 1026
256 1028
257 1028
258 1029
257 1030
256 1030
255 1031
255 1033
254 1034
254 1036
253 1037
253 1038
254 1039
251 1042
250 1041
249 1041
250 1041
251 1042
251 1043
250 1044
249 1043
248 1043
249 1044
251 1044
252 1045
251 1046
250 1046
249 1047
247 1045
246 1045
245 1046
244 1046
245 1047
245 1046
246 1045
250 1049
251 1049
253 1051
254 1051
255 1052
255 1053
256 1053
257 1054
257 1055
258 1055
259 1056
260 1056
262 1058
261 1059
262 1060
262 1061
261 1062
260 1061
259 1061
258 1060
256 1060
255 1059
255 1058
254 1059
255 1060
256 1060
258 1062
258 1063
257 1064
256 1063
256 1064
258 1066
258 1068
257 1069
255 1069
255 1071
254 1072
253 1072
250 1075
251 1075
252 1076
252 1077
251 1078
250 1077
249 1078
248 1078
246 1080
245 1079
245 1080
244 1081
244 1082
242 1084
241 1084
241 1085
240 1086
240 1087
241 1088
240 1089
239 1089
238 1090
239 1090
240 1091
238 1093
239 1094
239 1095
238 1096
237 1095
236 1096
236 1097
234 1099
233 1099
232 1100
232 1101
231 1102
230 1102
228 1104
227 1104
223 1108
223 1110
222 1111
221 1111
220 1110
220 1109
220 1110
221 1111
221 1113
220 1114
218 1114
218 1115
217 1116
216 1116
214 1114
215 1113
215 1112
215 1113
214 1114
215 1115
215 1116
214 1117
213 1117
212 1116
212 1112
211 1112
211 1113
212 1114
211 1115
210 1115
209 1116
208 1116
208 1117
207 1118
208 1119
207 1120
206 1120
205 1121
204 1121
203 1122
201 1122
200 1123
199 1123
198 1124
196 1124
195 1125
194 1125
193 1126
192 1126
191 1127
190 1127
189 1128
188 1128
187 1129
186 1129
185 1130
184 1130
183 1131
182 1131
180 1133
179 1133
176 1136
176 1137
175 1138
174 1137
174 1139
173 1140
172 1140
172 1142
171 1143
170 1142
171 1143
170 1144
168 1144
169 1145
169 1146
168 1147
167 1146
166 1146
166 1147
167 1147
168 1148
166 1150
166 1152
165 1153
164 1152
164 1155
163 1156
162 1155
162 1153
162 1154
161 1155
160 1155
159 1156
160 1156
161 1157
160 1158
160 1159
159 1160
158 1160
159 1161
159 1163
158 1164
156 1162
157 1163
156 1164
156 1166
155 1167
154 1167
154 1168
155 1168
156 1169
156 1170
155 1171
154 1170
154 1171
153 1172
152 1172
151 1171
151 1169
151 1171
150 1172
149 1171
150 1172
150 1173
150 1172
151 1171
153 1173
152 1174
153 1175
153 1176
152 1177
151 1177
150 1176
151 1177
150 1178
149 1178
148 1177
148 1179
147 1180
146 1180
145 1181
145 1182
144 1183
143 1183
145 1183
146 1184
146 1185
145 1186
143 1186
141 1188
140 1188
140 1189
142 1189
143 1190
142 1191
139 1191
139 1192
140 1193
139 1194
138 1194
137 1193
137 1194
139 1196
138 1197
136 1197
136 1199
135 1200
134 1200
134 1204
133 1205
131 1203
133 1205
132 1206
131 1206
130 1207
129 1207
131 1207
132 1208
131 1209
131 1210
130 1211
129 1211
128 1210
128 1209
127 1210
128 1210
129 1211
127 1213
126 1212
126 1213
125 1214
123 1212
123 1211
122 1210
122 1209
121 1208
121 1206
120 1205
120 1203
119 1202
119 1201
118 1200
118 1199
118 1200
119 1201
119 1202
118 1203
117 1203
118 1204
118 1206
115 1209
115 1210
114 1211
113 1211
113 1214
112 1215
111 1214
111 1216
110 1217
110 1218
111 1219
108 1222
107 1221
108 1222
109 1221
110 1222
110 1223
109 1224
109 1225
108 1226
107 1226
107 1227
108 1228
107 1229
105 1229
106 1230
106 1231
104 1233
104 1234
103 1235
103 1236
102 1237
101 1237
100 1238
102 1240
101 1241
101 1242
100 1243
98 1243
99 1244
100 1244
101 1245
102 1245
103 1246
102 1247
99 1247
99 1251
98 1252
98 1253
99 1254
99 1255
98 1256
97 1255
95 1255
95 1257
94 1258
94 1259
95 1260
95 1261
94 1262
93 1262
94 1263
93 1264
92 1264
91 1265
90 1265
91 1266
93 1266
94 1265
95 1266
95 1268
94 1269
93 1269
94 1270
94 1271
93 1272
91 1270
91 1271
92 1272
91 1273
91 1275
90 1276
90 1277
89 1278
91 1276
93 1276
94 1277
94 1278
93 1279
91 1279
91 1280
90 1281
89 1280
88 1280
89 1280
90 1281
90 1282
89 1283
88 1282
88 1283
90 1283
92 1285
92 1286
90 1288
89 1288
88 1287
89 1286
89 1285
89 1286
88 1287
88 1288
90 1290
91 1290
92 1291
92 1292
91 1293
89 1293
88 1292
88 1291
87 1290
87 1291
89 1293
89 1295
88 1296
87 1295
86 1295
86 1297
85 1298
85 1299
85 1298
87 1296
88 1296
89 1295
91 1297
90 1298
88 1298
89 1299
88 1300
87 1300
85 1302
84 1302
84 1303
85 1303
88 1300
89 1301
89 1302
86 1305
85 1305
85 1306
86 1306
87 1307
87 1309
86 1310
85 1309
83 1309
77 1303
76 1303
75 1302
75 1303
76 1304
75 1305
75 1306
76 1307
76 1308
75 1309
74 1308
73 1308
72 1307
73 1306
73 1305
72 1305
71 1306
71 1308
72 1307
73 1308
73 1310
72 1311
70 1311
70 1312
72 1312
73 1313
72 1314
71 1314
72 1315
71 1316
70 1316
71 1317
70 1318
70 1319
71 1320
70 1321
69 1321
70 1322
70 1323
69 1324
69 1327
68 1328
68 1329
69 1330
69 1331
67 1333
67 1334
66 1335
65 1335
67 1337
67 1338
66 1339
65 1338
65 1339
66 1340
65 1341
64 1341
66 1343
65 1344
64 1344
64 1345
65 1344
66 1345
66 1346
64 1348
63 1347
63 1348
65 1350
65 1351
64 1352
63 1352
63 1355
64 1356
63 1357
61 1357
62 1358
62 1359
63 1360
63 1362
62 1363
61 1363
62 1364
62 1366
61 1367
60 1367
60 1368
61 1369
60 1370
61 1371
61 1372
62 1373
61 1374
61 1375
61 1374
62 1373
62 1372
64 1370
64 1369
66 1367
66 1366
68 1364
68 1363
69 1362
69 1361
72 1358
72 1357
73 1356
73 1355
75 1353
75 1352
77 1350
77 1349
79 1347
79 1346
80 1345
80 1344
81 1343
81 1342
83 1340
83 1339
84 1338
84 1337
85 1336
86 1337
86 1338
87 1339
87 1341
86 1342
86 1343
85 1344
84 1344
83 1345
83 1346
84 1345
85 1346
85 1347
83 1349
83 1352
82 1353
82 1354
83 1355
81 1357
80 1356
79 1357
79 1358
80 1358
81 1357
85 1357
86 1358
88 1358
89 1359
91 1359
92 1358
92 1357
98 1351
99 1351
99 1350
100 1349
100 1348
101 1347
101 1346
102 1345
102 1344
101 1343
101 1342
100 1341
100 1333
101 1332
101 1329
102 1328
102 1327
103 1326
103 1324
104 1323
107 1323
108 1324
109 1324
110 1325
110 1326
109 1327
108 1327
108 1328
109 1328
110 1327
110 1326
111 1325
111 1323
112 1322
112 1321
113 1320
113 1319
114 1318
113 1319
107 1319
106 1318
106 1317
107 1316
107 1315
108 1314
108 1312
109 1311
109 1309
110 1308
111 1308
113 1310
113 1311
112 1312
112 1314
113 1314
114 1315
116 1315
116 1314
118 1312
118 1311
125 1304
126 1304
128 1302
129 1302
131 1300
131 1299
130 1300
126 1300
124 1302
123 1301
122 1301
121 1300
120 1300
118 1298
117 1298
116 1297
114 1299
115 1300
115 1302
113 1304
112 1304
111 1303
111 1295
112 1294
112 1287
111 1286
111 1284
110 1283
110 1281
109 1280
109 1278
108 1279
108 1280
109 1281
109 1282
108 1283
107 1283
103 1279
103 1278
101 1276
101 1275
100 1274
100 1272
99 1271
99 1269
98 1268
98 1263
99 1262
100 1262
103 1259
104 1259
105 1258
106 1258
107 1257
108 1257
111 1254
112 1254
113 1253
114 1253
114 1252
119 1247
119 1246
125 1240
126 1241
126 1243
125 1244
125 1245
124 1246
123 1246
123 1247
125 1245
126 1245
127 1244
128 1244
130 1242
131 1242
132 1241
133 1241
133 1237
138 1232
139 1232
139 1231
140 1230
139 1230
138 1229
137 1229
136 1228
136 1227
141 1222
144 1222
144 1221
145 1220
145 1219
146 1218
146 1217
147 1216
147 1215
149 1213
150 1213
153 1210
154 1210
154 1204
155 1203
155 1202
161 1196
161 1195
166 1190
167 1190
170 1187
171 1187
173 1185
174 1185
175 1184
177 1184
178 1183
180 1183
181 1182
186 1182
188 1180
189 1180
191 1178
192 1178
194 1176
194 1175
195 1174
195 1173
197 1171
197 1170
206 1161
207 1161
208 1160
208 1159
209 1158
209 1155
210 1154
210 1152
211 1151
211 1150
212 1149
212 1148
213 1147
213 1146
215 1144
215 1143
219 1139
219 1138
220 1137
221 1137
226 1132
227 1132
228 1131
229 1131
230 1130
231 1130
232 1129
233 1129
237 1125
238 1125
242 1121
242 1120
252 1110
253 1110
253 1109
254 1108
254 1107
255 1106
255 1104
253 1106
251 1106
250 1105
252 1103
253 1103
253 1101
254 1100
255 1101
256 1100
257 1101
257 1102
258 1101
257 1100
258 1099
259 1099
259 1098
261 1096
262 1097
263 1097
264 1098
266 1096
268 1096
269 1095
270 1095
270 1092
269 1091
270 1090
269 1089
270 1088
269 1087
269 1070
270 1069
271 1070
271 1071
272 1072
272 1073
273 1074
273 1075
274 1076
274 1079
275 1080
275 1084
276 1085
275 1086
275 1092
279 1088
280 1088
280 1087
279 1086
279 1085
278 1084
278 1083
277 1082
277 1080
276 1079
276 1077
275 1076
275 1060
276 1059
276 1056
277 1055
277 1053
278 1052
278 1050
279 1049
279 1048
280 1047
280 1046
281 1045
280 1044
281 1043
282 1043
282 1042
284 1040
284 1039
286 1037
286 1035
287 1034
287 1030
286 1029
286 1009
287 1008
287 1006
288 1005
288 1002
290 1000
291 1000
292 1001
294 1001
295 1000
296 1001
297 1001
298 1002
300 1002
301 1003
304 1003
305 1004
306 1004
307 1005
308 1005
309 1006
310 1006
312 1008
313 1008
317 1012
317 1009
316 1008
316 999
317 998
319 998
321 1000
320 1001
321 1001
325 1005
325 1006
327 1008
328 1008
329 1009
329 1010
328 1011
326 1011
327 1012
327 1014
328 1014
330 1016
329 1017
331 1017
332 1018
332 1019
335 1022
335 1023
334 1024
334 1025
333 1026
332 1025
332 1024
332 1025
333 1026
333 1027
337 1031
335 1033
335 1038
334 1039
334 1040
335 1041
335 1052
334 1053
335 1054
335 1056
333 1058
333 1060
332 1061
332 1063
331 1064
331 1065
330 1066
331 1067
330 1068
330 1070
329 1071
329 1074
328 1075
328 1076
329 1075
329 1074
330 1073
330 1070
331 1069
331 1067
333 1065
333 1064
334 1063
334 1062
335 1061
336 1062
336 1063
337 1064
337 1069
338 1070
337 1071
337 1073
336 1074
336 1075
334 1077
334 1080
333 1081
333 1082
332 1083
331 1082
330 1083
330 1085
327 1088
327 1089
325 1091
325 1092
323 1094
323 1095
322 1096
322 1097
320 1099
321 1099
322 1100
319 1103
319 1104
318 1105
319 1106
318 1107
315 1107
314 1108
314 1109
311 1112
311 1113
306 1118
303 1118
301 1120
299 1120
298 1119
297 1120
297 1123
299 1125
299 1126
300 1127
293 1134
293 1135
296 1132
297 1132
300 1129
303 1129
304 1130
303 1131
303 1132
304 1132
305 1133
303 1135
303 1137
300 1140
302 1140
303 1139
304 1139
306 1141
306 1142
304 1144
303 1144
303 1146
302 1147
301 1147
300 1148
299 1148
295 1152
294 1151
294 1148
293 1149
293 1151
292 1152
292 1153
291 1154
292 1153
293 1153
294 1152
295 1152
297 1154
296 1155
295 1155
294 1156
292 1156
287 1161
286 1161
284 1163
283 1163
282 1164
281 1163
281 1162
282 1161
281 1162
280 1162
275 1167
274 1167
274 1168
273 1169
272 1169
270 1171
269 1171
268 1172
267 1172
263 1176
262 1175
261 1176
259 1176
259 1177
258 1178
257 1178
256 1177
256 1176
257 1175
257 1173
258 1172
254 1176
253 1176
248 1181
247 1181
242 1186
241 1186
235 1192
234 1192
233 1193
232 1193
232 1194
231 1195
230 1195
229 1194
227 1196
227 1197
226 1198
226 1199
219 1206
219 1208
217 1210
216 1209
216 1214
215 1215
215 1216
213 1218
213 1219
209 1223
209 1224
206 1227
206 1228
205 1229
205 1230
199 1236
200 1237
200 1239
199 1240
198 1240
198 1241
197 1242
196 1242
195 1241
193 1243
193 1245
190 1248
190 1250
189 1251
188 1251
187 1252
187 1253
186 1254
186 1255
183 1258
183 1259
182 1260
182 1261
180 1263
180 1264
179 1265
178 1265
178 1266
177 1267
176 1267
176 1268
174 1270
174 1271
171 1274
171 1275
170 1276
170 1277
169 1278
169 1279
168 1280
168 1281
166 1283
165 1283
164 1284
164 1285
157 1292
157 1293
153 1297
151 1297
143 1305
142 1305
138 1309
137 1309
135 1311
134 1311
133 1312
132 1312
131 1313
130 1313
128 1315
127 1315
126 1316
125 1316
123 1318
119 1318
118 1319
116 1319
117 1319
119 1321
118 1322
119 1323
119 1324
120 1325
120 1326
119 1327
118 1327
119 1328
119 1330
120 1331
120 1332
121 1333
121 1334
122 1334
123 1335
123 1337
122 1338
121 1338
121 1341
122 1341
123 1342
123 1343
124 1344
124 1345
123 1346
122 1345
124 1347
124 1349
122 1351
122 1352
121 1353
121 1355
120 1356
122 1358
122 1361
121 1362
120 1362
119 1363
118 1363
118 1367
117 1368
117 1370
116 1371
116 1372
115 1373
115 1381
114 1382
114 1385
113 1386
113 1388
111 1390
111 1391
110 1392
110 1393
109 1394
108 1394
106 1396
106 1397
105 1398
105 1400
104 1401
104 1402
102 1404
102 1405
100 1407
99 1406
97 1406
95 1408
95 1409
92 1412
92 1413
90 1415
89 1415
86 1412
86 1413
85 1414
86 1415
84 1417
83 1417
82 1418
81 1418
81 1419
80 1420
79 1419
77 1421
76 1420
76 1419
75 1419
75 1420
74 1421
71 1418
71 1421
72 1422
72 1423
73 1424
73 1430
72 1431
73 1432
72 1433
71 1433
70 1432
69 1432
68 1431
68 1430
67 1430
67 1431
65 1433
65 1436
64 1437
63 1437
62 1436
62 1437
63 1438
62 1439
62 1440
61 1441
59 1441
59 1442
60 1443
60 1445
58 1447
56 1447
56 1448
55 1449
57 1451
56 1452
52 1452
51 1451
49 1451
51 1451
52 1452
51 1453
51 1454
50 1455
51 1456
50 1457
49 1457
48 1456
46 1456
46 1457
45 1458
46 1459
46 1461
45 1462
45 1465
44 1466
42 1466
43 1467
42 1468
43 1469
43 1471
42 1472
42 1474
41 1475
41 1481
42 1482
42 1483
40 1485
40 1487
39 1488
38 1487
38 1488
39 1489
38 1490
38 1491
39 1492
39 1494
38 1495
36 1495
36 1496
37 1496
38 1497
36 1499
35 1499
35 1501
34 1502
33 1501
33 1500
33 1501
34 1502
34 1503
35 1504
34 1505
33 1505
34 1506
33 1507
32 1507
32 1508
33 1509
33 1510
34 1511
33 1512
32 1512
32 1514
31 1515
30 1515
31 1515
32 1514
33 1515
33 1516
32 1517
31 1517
30 1518
30 1519
31 1520
30 1521
30 1525
29 1526
28 1526
29 1527
29 1528
28 1529
28 1531
27 1532
27 1533
26 1534
27 1535
25 1537
25 1539
24 1540
25 1541
25 1542
24 1543
24 1544
22 1546
22 1547
21 1548
21 1549
22 1550
22 1551
21 1552
20 1552
20 1553
21 1554
19 1556
18 1555
18 1556
17 1557
16 1557
16 1558
17 1557
18 1557
19 1558
19 1562
18 1563
17 1563
16 1562
17 1563
16 1564
16 1567
17 1568
16 1569
15 1569
15 1571
14 1572
13 1572
14 1572
15 1571
16 1572
16 1573
13 1576
13 1577
12 1578
12 1579
13 1580
13 1582
12 1583
11 1583
11 1584
10 1585
9 1584
9 1583
8 1584
9 1585
10 1585
11 1586
10 1587
10 1588
8 1590
8 1591
9 1592
8 1593
8 1596
7 1597
5 1597
5 1601
4 1602
3 1602
2 1603
1 1602
1 1598
2 1597
3 1597
3 1596
2 1596
1 1595
1 1594
0 1595
0 1596
1 1597
1 1598
0 1599
0 2280
212 2280
213 2279
503 2279
504 2278
1079 2278
1079 1609
1078 1609
1077 1608
1077 1607
1074 1604
1074 1603
1073 1602
1073 1601
1071 1599
1071 1596
1070 1596
1068 1594
1068 1593
1066 1591
1066 1590
1065 1590
1064 1589
1064 1588
1063 1587
1063 1586
1062 1585
1061 1585
1059 1583
1057 1583
1056 1582
1056 1579
1055 1578
1055 1577
1054 1576
1054 1575
1053 1575
1051 1573
1051 1571
1049 1571
1048 1572
1047 1571
1047 1570
1046 1569
1044 1569
1043 1568
1043 1567
1042 1568
1041 1567
1041 1565
1040 1565
1039 1566
1038 1566
1037 1565
1038 1564
1037 1564
1035 1562
1034 1562
1033 1561
1035 1559
1034 1559
1032 1557
1032 1556
1031 1556
1029 1554
1029 1553
1028 1552
1027 1552
1026 1551
1026 1550
1027 1549
1026 1550
1026 1551
1025 1552
1024 1552
1023 1551
1024 1550
1023 1549
1023 1547
1022 1546
1021 1547
1020 1546
1020 1544
1021 1543
1020 1544
1018 1542
1017 1542
1016 1541
1017 1540
1018 1540
1017 1539
1015 1539
1016 1539
1017 1540
1016 1541
1014 1541
1013 1540
1013 1537
1014 1536
1012 1536
1011 1537
1010 1537
1009 1536
1010 1535
1009 1536
1008 1536
1007 1535
1007 1534
1006 1533
1007 1532
1007 1531
1006 1531
1005 1532
1004 1531
1004 1529
1003 1528
1003 1527
1002 1528
1001 1528
1000 1527
1001 1526
1001 1525
1000 1524
999 1524
998 1523
998 1521
997 1521
996 1520
997 1521
996 1522
995 1522
994 1521
994 1519
995 1518
994 1519
993 1519
992 1518
992 1517
993 1516
994 1516
991 1516
990 1515
989 1515
988 1514
988 1513
989 1512
990 1512
991 1513
990 1512
990 1511
987 1511
985 1509
986 1508
983 1505
983 1504
982 1504
981 1503
981 1502
979 1502
978 1501
976 1501
975 1500
975 1499
976 1498
977 1498
978 1499
977 1498
975 1498
974 1497
974 1496
972 1498
971 1497
971 1496
972 1495
971 1496
970 1496
968 1494
968 1493
966 1491
967 1490
968 1490
967 1490
965 1488
965 1490
964 1491
963 1491
961 1489
962 1488
962 1487
961 1487
960 1486
961 1485
961 1484
960 1483
960 1484
958 1486
957 1485
956 1485
955 1484
955 1483
956 1482
957 1482
956 1482
955 1483
955 1484
954 1485
953 1484
953 1483
952 1483
951 1482
951 1481
950 1480
950 1479
951 1478
950 1479
949 1479
948 1478
948 1476
947 1477
946 1476
944 1476
944 1477
943 1478
942 1477
942 1476
940 1474
940 1473
941 1472
941 1471
941 1472
940 1473
939 1472
939 1470
938 1470
937 1469
936 1469
935 1468
935 1464
934 1464
932 1462
932 1457
930 1457
929 1456
929 1455
930 1454
930 1453
929 1454
928 1453
928 1451
925 1448
925 1447
924 1446
924 1445
923 1446
921 1446
919 1444
920 1443
920 1442
919 1442
917 1440
914 1440
913 1439
913 1437
912 1436
912 1435
913 1434
913 1433
911 1433
910 1432
908 1432
907 1431
907 1430
906 1429
906 1427
905 1427
903 1425
903 1424
904 1423
903 1423
901 1425
900 1425
899 1424
899 1423
898 1422
898 1420
897 1420
896 1419
897 1418
895 1418
894 1417
894 1416
893 1416
893 1417
892 1418
891 1418
890 1417
890 1414
886 1414
885 1413
885 1412
883 1412
882 1411
882 1410
880 1410
880 1411
879 1412
878 1411
878 1410
877 1409
875 1409
874 1410
874 1411
873 1412
872 1412
871 1411
870 1411
869 1410
869 1407
865 1407
865 1408
866 1408
867 1409
866 1410
865 1410
865 1411
864 1412
862 1410
862 1404
861 1404
859 1402
860 1401
861 1401
862 1400
861 1399
860 1399
860 1401
859 1402
858 1401
857 1401
856 1400
854 1400
852 1398
852 1397
853 1396
853 1395
853 1396
852 1397
851 1396
851 1392
850 1391
851 1390
849 1390
848 1389
849 1388
848 1388
847 1387
847 1384
846 1385
844 1383
844 1382
845 1381
846 1382
847 1382
847 1381
846 1381
845 1380
845 1379
844 1378
844 1377
842 1375
842 1374
841 1375
840 1374
840 1372
841 1371
842 1371
842 1370
841 1370
839 1372
837 1370
837 1369
838 1368
840 1368
839 1367
838 1368
835 1365
835 1364
836 1363
837 1364
836 1363
836 1362
835 1362
834 1363
833 1362
833 1359
832 1358
833 1357
832 1356
831 1356
830 1355
830 1354
829 1354
826 1351
827 1350
826 1350
824 1348
825 1347
826 1347
825 1346
826 1345
825 1346
824 1346
823 1345
823 1344
824 1343
823 1342
824 1341
821 1338
822 1337
822 1336
820 1334
821 1333
822 1333
823 1334
821 1332
820 1333
819 1332
819 1330
820 1329
821 1330
822 1330
821 1330
819 1328
820 1327
817 1327
816 1326
817 1325
818 1325
817 1324
820 1321
821 1322
821 1321
820 1321
819 1322
818 1322
818 1323
817 1324
815 1322
815 1321
817 1319
817 1317
816 1316
817 1315
818 1315
818 1314
819 1313
820 1313
819 1313
818 1314
816 1312
816 1311
817 1310
818 1310
819 1311
820 1311
819 1311
818 1310
819 1309
822 1309
821 1308
822 1307
823 1307
823 1306
824 1305
825 1305
824 1305
823 1306
821 1304
822 1303
823 1303
824 1302
826 1302
823 1302
822 1301
822 1300
823 1299
825 1299
827 1297
827 1296
826 1295
828 1293
827 1292
828 1291
829 1291
830 1292
830 1293
831 1294
831 1295
833 1295
833 1294
831 1292
831 1291
832 1290
835 1293
836 1292
836 1291
837 1290
838 1290
839 1289
841 1291
840 1292
839 1292
839 1293
840 1293
840 1292
841 1291
842 1292
842 1291
841 1290
841 1289
844 1286
845 1286
846 1287
846 1288
845 1289
844 1289
844 1291
845 1292
845 1289
846 1288
849 1288
849 1286
848 1287
847 1287
846 1286
848 1284
851 1284
851 1283
853 1281
854 1281
855 1282
856 1281
856 1280
857 1279
860 1279
861 1278
862 1278
862 1277
864 1275
864 1274
865 1273
867 1273
867 1271
869 1269
870 1269
871 1270
869 1272
869 1273
870 1273
873 1270
872 1269
871 1269
870 1268
870 1266
871 1265
872 1266
872 1267
873 1267
874 1266
872 1266
871 1265
873 1263
874 1263
875 1264
877 1264
878 1263
877 1262
877 1261
876 1261
875 1260
876 1259
877 1259
878 1258
878 1257
879 1256
880 1256
881 1257
881 1258
882 1257
883 1257
881 1255
882 1254
882 1252
881 1251
882 1250
883 1250
883 1249
882 1249
881 1248
881 1247
882 1246
883 1247
885 1247
885 1246
884 1246
883 1245
885 1243
886 1243
888 1245
890 1243
891 1244
892 1244
891 1243
891 1242
893 1240
894 1240
895 1241
895 1239
894 1239
893 1238
895 1236
897 1236
898 1237
898 1238
899 1238
899 1237
898 1236
898 1234
899 1233
898 1233
897 1232
898 1231
897 1231
896 1230
896 1229
894 1229
893 1228
892 1228
891 1227
891 1225
890 1224
889 1224
888 1223
888 1222
887 1222
885 1220
884 1220
882 1218
881 1218
880 1217
880 1216
879 1215
880 1214
881 1214
884 1217
885 1217
888 1220
889 1220
893 1224
894 1224
897 1227
898 1227
902 1231
903 1231
904 1232
904 1234
905 1233
906 1234
907 1234
908 1235
908 1236
910 1238
911 1238
912 1237
913 1237
914 1238
914 1239
917 1242
919 1242
921 1244
922 1244
925 1247
926 1247
927 1248
927 1250
929 1250
930 1249
932 1251
933 1251
935 1253
936 1253
936 1252
935 1252
930 1247
929 1247
926 1244
925 1244
923 1242
922 1242
919 1239
918 1239
917 1238
916 1238
913 1235
913 1234
912 1233
911 1233
907 1229
906 1229
903 1226
902 1226
900 1224
901 1223
902 1223
903 1224
905 1224
906 1225
908 1225
909 1224
911 1224
911 1223
909 1223
907 1225
906 1225
905 1224
905 1223
906 1222
907 1222
908 1221
909 1221
910 1220
911 1220
912 1219
913 1220
913 1221
914 1221
915 1220
916 1221
916 1222
915 1223
915 1224
915 1223
916 1222
917 1222
918 1223
918 1224
919 1225
922 1225
925 1228
925 1230
926 1230
926 1229
925 1228
926 1227
928 1227
928 1226
929 1225
930 1226
930 1227
931 1227
932 1228
932 1230
931 1231
929 1231
928 1230
928 1231
930 1233
931 1233
931 1232
932 1231
934 1231
935 1232
935 1233
934 1234
933 1234
933 1235
935 1235
936 1234
937 1234
938 1235
938 1236
937 1237
937 1238
939 1238
941 1236
942 1237
942 1238
941 1239
941 1240
942 1239
943 1240
943 1242
944 1241
945 1241
946 1242
945 1243
945 1244
946 1243
947 1243
948 1242
949 1243
949 1244
948 1245
948 1246
950 1246
950 1244
951 1243
953 1245
956 1245
957 1246
956 1247
955 1247
955 1249
956 1249
957 1250
958 1249
959 1249
961 1247
962 1248
962 1249
961 1250
961 1251
962 1250
963 1250
964 1251
964 1253
966 1251
967 1252
967 1253
968 1254
971 1254
972 1255
972 1256
974 1256
976 1258
976 1259
977 1259
978 1258
979 1259
983 1259
984 1260
984 1261
985 1262
986 1261
986 1260
987 1259
989 1261
990 1260
991 1260
991 1259
992 1258
993 1258
994 1259
994 1260
993 1261
993 1262
995 1262
996 1261
998 1263
998 1264
999 1264
1000 1263
1001 1264
1004 1264
1005 1263
1006 1264
1008 1264
1009 1265
1010 1265
1012 1267
1014 1267
1015 1268
1015 1269
1017 1269
1019 1271
1021 1271
1022 1272
1022 1271
1021 1270
1021 1268
1022 1267
1023 1267
1024 1268
1024 1269
1029 1269
1030 1270
1031 1270
1032 1269
1031 1268
1031 1266
1032 1265
1030 1263
1030 1262
1031 1261
1032 1262
1033 1262
1034 1261
1034 1259
1035 1258
1036 1259
1036 1258
1034 1256
1035 1255
1036 1255
1037 1254
1037 1253
1036 1254
1035 1253
1035 1251
1036 1250
1035 1249
1035 1247
1036 1246
1037 1246
1037 1244
1038 1243
1038 1242
1040 1240
1040 1239
1041 1238
1041 1237
1042 1236
1044 1236
1045 1237
1046 1236
1047 1236
1048 1235
1050 1235
1052 1233
1053 1233
1054 1232
1055 1232
1055 1231
1057 1229
1058 1229
1059 1228
1059 1226
1060 1225
1061 1225
1063 1223
1063 1222
1060 1219
1061 1218
1059 1216
1059 1209
1058 1208
1058 1207
1057 1206
1057 1205
1053 1201
1054 1200
1052 1198
1052 1197
1051 1197
1049 1195
1049 1194
1048 1193
1046 1193
1045 1192
1045 1191
1044 1190
1041 1190
1039 1188
1040 1187
1039 1187
1038 1186
1036 1186
1035 1185
1034 1185
1033 1184
1030 1184
1029 1183
1028 1183
1025 1180
1021 1180
1020 1179
1017 1179
1016 1178
1015 1178
1014 1177
1012 1177
1011 1176
1011 1175
1009 1175
1008 1174
1009 1173
1013 1173
1013 1171
1014 1170
1015 1170
1016 1171
1016 1172
1015 1173
1018 1173
1018 1172
1019 1171
1022 1171
1024 1173
1024 1171
1025 1170
1027 1172
1027 1171
1026 1170
1026 1169
1027 1168
1026 1168
1025 1167
1026 1166
1025 1166
1023 1168
1020 1165
1020 1164
1018 1164
1017 1163
1018 1162
1017 1162
1016 1163
1014 1163
1013 1162
1013 1161
1014 1160
1014 1159
1015 1158
1016 1158
1017 1159
1019 1157
1020 1157
1021 1158
1022 1158
1020 1156
1020 1155
1017 1155
1016 1154
1015 1154
1014 1155
1012 1155
1011 1154
1011 1153
1010 1154
1008 1154
1007 1153
1007 1152
1006 1152
1005 1153
1004 1152
1004 1150
1003 1150
1002 1151
1001 1150
1001 1148
1000 1148
999 1149
998 1149
997 1148
997 1146
995 1144
995 1143
994 1143
993 1142
993 1141
992 1141
992 1142
991 1143
990 1143
988 1141
988 1140
987 1139
986 1139
985 1140
985 1141
984 1142
981 1139
982 1138
981 1138
980 1139
979 1138
976 1138
975 1137
974 1138
972 1138
970 1136
971 1135
971 1134
970 1133
970 1132
969 1131
969 1129
970 1128
971 1129
971 1130
972 1130
973 1129
974 1130
975 1129
976 1130
976 1128
977 1127
977 1126
975 1126
975 1127
974 1128
973 1127
973 1123
972 1123
971 1122
971 1121
972 1120
971 1121
970 1121
970 1122
969 1123
967 1123
966 1122
966 1121
967 1120
968 1120
968 1118
969 1117
971 1117
972 1116
973 1116
973 1114
965 1114
964 1113
964 1112
963 1113
957 1113
956 1112
955 1112
954 1111
952 1111
951 1110
951 1109
950 1110
950 1111
949 1112
948 1111
948 1109
945 1106
945 1105
944 1104
943 1104
942 1105
942 1106
945 1106
946 1107
946 1108
945 1109
944 1109
943 1108
942 1108
941 1109
940 1108
940 1104
939 1103
939 1102
937 1100
936 1100
935 1101
934 1100
934 1098
923 1098
922 1097
920 1097
919 1096
917 1096
916 1095
917 1094
918 1094
918 1093
917 1093
917 1094
916 1095
915 1094
915 1092
916 1091
917 1091
917 1089
916 1088
916 1087
915 1087
914 1088
913 1088
912 1087
913 1086
913 1085
912 1085
911 1084
913 1082
914 1082
915 1081
916 1082
916 1081
915 1080
915 1079
914 1080
913 1080
912 1081
910 1081
909 1082
908 1081
908 1080
909 1079
908 1080
906 1078
904 1078
902 1076
902 1075
900 1075
899 1074
900 1073
901 1073
902 1072
903 1072
903 1070
902 1069
901 1070
901 1072
897 1076
895 1076
894 1075
894 1073
895 1072
895 1071
894 1070
893 1071
893 1072
892 1073
891 1072
891 1071
890 1071
889 1072
887 1070
887 1069
888 1068
889 1069
892 1069
891 1068
891 1066
890 1066
889 1067
886 1067
885 1066
885 1065
886 1064
887 1064
888 1065
889 1064
889 1063
890 1062
891 1063
892 1063
892 1062
891 1062
890 1061
889 1062
887 1060
887 1059
888 1058
889 1058
890 1059
891 1059
891 1057
890 1056
887 1056
885 1054
883 1056
882 1055
882 1053
881 1053
879 1051
880 1050
881 1050
882 1051
883 1050
885 1052
886 1052
886 1051
885 1050
884 1051
883 1050
883 1049
882 1049
881 1050
880 1049
880 1048
881 1047
881 1046
879 1048
878 1048
877 1047
878 1046
878 1045
877 1046
876 1046
876 1047
875 1048
874 1047
870 1047
872 1049
871 1050
870 1050
869 1049
868 1049
867 1050
866 1049
866 1048
864 1050
859 1050
858 1049
858 1048
857 1048
856 1049
856 1052
857 1052
858 1053
858 1054
857 1055
856 1055
856 1058
855 1059
854 1058
854 1057
853 1057
853 1058
854 1059
854 1060
855 1060
856 1061
855 1062
853 1062
853 1063
852 1064
852 1065
851 1066
850 1066
849 1067
846 1067
845 1066
846 1065
847 1065
848 1064
849 1064
850 1063
850 1062
851 1061
851 1058
849 1058
849 1059
848 1060
849 1061
849 1063
848 1064
845 1064
844 1065
842 1063
840 1063
839 1064
839 1065
838 1066
837 1065
837 1067
836 1068
835 1067
831 1067
832 1067
834 1069
834 1070
833 1071
832 1070
831 1070
830 1071
828 1071
827 1070
828 1069
829 1069
829 1068
828 1068
828 1069
827 1070
826 1069
826 1068
825 1068
824 1067
825 1066
825 1065
822 1065
821 1064
821 1062
820 1061
820 1059
821 1058
821 1057
820 1056
819 1056
818 1055
816 1055
815 1054
815 1053
816 1052
815 1051
816 1050
817 1050
818 1051
817 1050
816 1050
815 1049
815 1047
816 1046
816 1045
815 1044
815 1041
814 1042
812 1040
811 1040
810 1039
811 1038
814 1038
815 1037
813 1037
812 1036
811 1037
810 1036
810 1035
809 1034
810 1033
811 1033
814 1030
815 1031
814 1030
813 1030
811 1032
810 1032
809 1031
810 1030
809 1029
809 1028
808 1027
808 1026
807 1025
807 1024
808 1023
807 1024
806 1024
805 1023
805 1022
806 1021
807 1021
806 1021
805 1020
805 1019
806 1018
807 1018
807 1017
804 1017
803 1016
804 1015
804 1014
805 1013
806 1013
805 1013
804 1014
803 1014
802 1013
803 1012
803 1010
802 1010
801 1011
800 1011
799 1010
800 1009
799 1009
797 1007
797 1006
798 1005
799 1005
799 1004
798 1004
797 1003
796 1003
792 999
793 998
794 998
795 999
796 998
797 998
798 999
802 999
804 1001
805 1001
805 1000
804 1000
803 999
804 998
805 998
805 997
802 997
801 996
801 995
800 994
801 993
803 993
803 991
802 990
802 989
800 989
799 988
798 988
797 987
797 986
798 985
800 985
801 984
802 984
801 984
800 983
800 981
798 981
798 985
797 986
796 985
795 985
794 984
795 983
794 982
794 981
791 981
790 980
790 979
789 979
788 978
787 978
786 979
787 980
786 981
790 981
791 982
792 982
793 981
794 982
794 984
795 985
794 986
794 988
795 987
797 987
798 988
797 989
796 989
796 990
795 991
794 990
794 991
795 991
796 990
797 990
798 991
798 992
800 992
801 993
800 994
797 994
796 995
794 995
793 994
792 994
791 993
791 990
788 987
787 988
786 987
786 986
785 986
783 984
783 983
782 982
784 980
781 977
782 976
783 976
784 977
785 977
784 977
783 976
784 975
787 975
788 976
789 976
788 976
787 975
788 974
791 974
792 973
814 973
815 974
816 974
817 973
818 973
818 970
817 969
815 971
813 971
812 970
792 970
791 971
786 971
785 972
783 972
782 973
780 973
779 972
781 970
784 970
784 969
783 968
784 967
785 967
785 966
783 966
783 967
782 968
781 967
781 966
779 966
778 965
778 964
781 961
782 962
782 964
783 964
783 962
784 961
785 961
785 960
784 959
787 956
788 956
789 957
789 958
790 958
790 957
791 956
792 957
792 958
792 956
793 955
794 955
795 956
796 955
797 955
798 954
799 954
798 953
801 950
805 950
805 948
804 948
803 949
802 949
800 951
798 951
797 950
799 948
800 948
801 947
802 947
803 946
804 946
805 945
806 945
807 944
808 944
809 943
810 943
811 942
813 942
814 941
815 941
816 940
818 940
819 939
822 939
825 936
825 935
823 935
822 936
821 936
820 937
817 937
816 938
814 938
813 939
812 939
811 940
809 940
808 941
807 941
806 942
805 942
804 943
803 943
802 944
801 944
800 945
799 945
798 946
797 946
795 948
794 948
792 950
791 950
789 952
788 952
787 951
787 950
788 949
789 949
791 947
792 947
793 946
794 946
796 944
797 944
798 943
799 943
800 942
801 942
802 941
803 941
804 940
803 940
802 939
802 938
807 933
806 934
804 934
804 936
803 937
801 937
800 936
799 936
798 937
796 937
795 936
796 935
797 935
798 934
799 934
800 933
802 933
803 932
804 932
805 931
806 931
807 930
808 930
809 929
811 929
812 928
814 928
815 927
818 927
819 926
822 926
823 925
829 925
830 924
831 924
831 923
830 922
829 923
828 922
826 922
825 923
824 922
823 923
819 923
818 924
815 924
814 925
812 925
811 926
808 926
807 927
805 927
804 928
803 928
802 929
800 929
799 930
798 930
797 931
796 931
795 932
794 932
793 933
792 933
791 934
790 934
789 935
788 935
787 936
786 936
785 937
784 937
783 938
782 938
780 940
779 940
778 941
777 941
774 944
773 944
771 946
770 946
766 950
765 950
751 964
750 963
750 962
758 954
758 953
755 953
754 952
753 952
752 951
751 951
750 950
751 949
750 950
749 949
748 949
747 948
747 945
746 945
745 946
744 946
743 945
743 947
742 948
741 947
741 944
742 943
742 940
743 939
743 937
744 936
744 933
745 932
745 929
746 928
746 926
747 925
747 923
748 922
748 920
749 919
749 918
750 917
750 915
751 914
751 912
752 911
752 910
753 909
753 907
754 906
755 907
755 908
756 909
757 908
758 908
759 909
759 911
758 912
756 912
756 913
755 914
753 914
754 915
754 916
753 917
754 917
755 916
756 916
757 917
756 918
756 919
756 918
757 917
758 917
759 918
759 920
758 921
755 921
754 920
753 920
754 920
755 921
755 922
757 922
758 923
755 926
756 925
757 925
760 922
761 923
761 924
760 925
760 926
761 927
761 928
760 929
759 929
758 928
759 929
760 929
761 928
762 928
761 927
761 926
764 923
766 923
767 924
767 925
766 926
766 927
765 928
764 928
764 929
763 930
763 931
761 933
761 934
762 935
763 935
764 934
765 935
765 936
764 937
764 939
763 940
762 940
762 941
763 941
763 940
764 939
765 940
765 943
764 944
764 945
762 947
763 947
764 946
764 945
766 943
767 944
767 945
766 946
767 946
768 945
768 943
769 942
770 943
771 943
773 941
774 941
774 940
775 939
777 939
779 937
780 937
782 935
784 935
786 933
787 933
788 932
789 932
790 931
791 931
792 930
793 930
794 929
795 929
796 928
797 928
798 927
800 927
801 926
803 926
802 925
801 925
800 926
799 926
798 925
798 924
799 923
800 923
798 923
797 924
795 922
795 921
796 920
797 920
797 918
796 918
796 920
795 921
794 921
793 920
793 918
794 917
789 917
790 918
790 920
789 921
787 919
787 918
786 917
784 917
783 916
783 915
784 914
784 912
785 911
786 911
787 912
787 913
788 914
789 914
790 913
791 913
792 914
793 913
793 912
794 911
795 911
795 908
794 908
793 907
793 906
792 905
792 904
791 903
791 902
790 902
789 903
789 904
788 905
787 904
787 903
787 904
785 906
784 906
783 905
784 904
784 903
785 902
784 901
784 902
783 903
782 903
781 902
781 901
780 900
778 900
777 899
778 898
778 897
778 898
777 899
776 899
774 897
774 896
773 896
773 897
772 898
769 898
766 901
764 901
764 902
765 902
766 903
766 904
765 905
764 905
763 906
762 905
762 903
760 903
759 902
759 901
762 898
761 898
761 899
760 900
758 900
757 899
757 898
758 897
758 896
759 895
759 894
760 893
760 892
761 891
761 890
762 889
762 888
763 887
763 886
764 885
764 884
766 882
766 881
767 880
767 878
766 878
764 880
764 881
762 883
762 884
761 885
761 886
759 888
759 889
758 890
758 891
757 892
757 893
756 894
756 895
755 896
755 897
754 898
754 899
753 900
753 901
752 902
752 903
751 904
751 906
750 907
750 908
749 909
749 911
748 912
748 913
747 914
747 916
746 917
746 919
745 920
745 922
744 923
744 925
743 926
743 928
742 929
742 931
741 932
741 935
740 936
740 938
739 939
739 942
738 943
738 945
737 946
736 945
736 942
737 941
737 938
735 938
732 935
731 936
730 935
730 934
732 932
731 933
729 931
730 932
728 934
726 932
727 931
726 930
724 930
723 929
725 927
724 928
723 927
723 926
721 926
720 927
719 926
719 925
720 924
721 924
721 923
720 922
720 921
720 922
717 925
716 924
716 913
717 912
717 903
718 902
718 897
719 896
719 892
720 891
720 889
721 888
721 886
722 885
722 883
723 882
723 880
724 879
724 878
725 877
725 876
726 875
726 874
727 873
727 872
728 871
728 870
730 868
730 867
732 865
732 864
731 863
730 864
729 864
729 865
727 867
727 868
725 870
725 871
724 872
724 873
722 875
722 877
721 878
721 879
720 880
720 881
719 882
719 884
718 885
718 887
717 888
717 890
716 891
716 894
715 895
715 899
714 900
714 905
713 906
713 931
712 932
711 931
711 919
710 918
710 916
708 914
709 913
709 912
709 913
708 914
707 914
706 913
705 913
704 912
705 911
704 912
703 912
702 913
701 912
701 911
703 909
704 909
704 908
705 907
705 906
706 905
704 905
702 907
701 907
700 906
701 905
700 904
700 903
699 903
699 904
700 905
698 907
699 906
700 906
701 907
698 910
697 909
694 909
693 908
693 907
692 906
695 903
694 903
693 904
693 905
691 907
690 907
689 906
691 904
690 904
689 903
690 902
691 902
692 901
693 901
693 900
692 900
692 901
691 902
689 900
688 900
687 899
688 898
689 898
690 897
691 898
692 898
694 896
695 896
697 894
698 894
700 896
701 896
702 897
702 898
703 898
705 896
705 895
704 894
704 893
705 892
706 892
707 891
708 891
708 890
706 890
706 891
704 893
703 893
703 894
704 894
705 895
705 896
704 897
702 897
700 895
700 893
702 891
702 887
701 886
702 885
704 885
704 883
703 882
703 880
704 879
704 878
703 877
703 875
704 874
705 874
705 873
704 873
703 874
702 873
701 874
700 874
699 873
697 873
695 871
694 871
692 869
690 869
690 870
689 871
688 871
687 870
688 871
688 872
687 873
685 871
685 867
682 867
681 866
680 866
679 867
677 867
676 866
677 865
677 864
677 865
676 866
674 866
673 865
673 864
672 864
672 865
671 866
670 865
670 864
668 864
667 863
667 861
666 861
666 863
665 864
663 864
663 865
662 866
661 866
660 865
660 864
660 865
659 866
658 865
658 864
657 863
657 860
658 859
658 857
659 856
659 854
660 853
660 852
661 851
661 849
662 848
662 847
663 846
664 846
664 845
663 845
662 846
662 847
659 850
659 851
658 852
658 853
656 855
656 857
655 858
655 859
654 860
654 862
653 863
653 866
652 867
652 872
651 873
651 881
650 882
650 889
649 890
648 890
647 889
647 888
648 887
648 873
647 872
647 871
648 870
649 871
650 871
650 868
649 868
648 867
648 866
649 865
650 865
651 864
651 862
650 861
648 861
647 862
646 862
645 863
644 862
644 859
645 858
645 857
644 856
640 856
640 857
639 858
638 857
637 857
635 859
634 859
634 863
633 864
632 863
632 861
631 860
631 859
630 859
630 860
629 861
629 863
628 864
627 864
626 863
626 862
627 861
626 860
626 859
627 858
627 857
626 857
626 861
625 862
624 861
624 860
623 860
623 861
622 862
621 861
620 861
621 862
621 863
622 863
623 864
622 865
618 865
617 864
618 863
618 862
617 862
617 864
616 865
615 864
614 865
614 866
615 867
614 868
614 869
613 870
612 870
611 869
611 868
612 867
612 865
611 864
611 865
609 867
610 867
611 868
611 869
610 870
609 870
608 871
607 871
605 873
604 873
603 872
604 871
604 870
605 869
606 869
606 867
605 867
605 869
604 870
603 870
603 871
602 872
600 872
598 870
597 870
596 869
596 868
594 868
593 867
591 867
590 868
585 868
584 867
584 864
583 865
581 865
581 866
580 867
579 867
578 866
578 865
580 863
580 862
580 863
579 864
578 863
578 862
578 863
577 864
576 864
575 865
574 864
573 864
572 865
571 865
570 864
571 863
571 862
570 861
569 861
569 864
570 864
571 865
571 867
570 868
569 868
568 867
567 867
566 866
566 865
565 864
565 862
566 861
565 860
565 859
564 859
563 860
563 861
564 862
564 863
562 865
560 865
559 864
560 863
560 862
559 862
557 860
557 859
558 858
558 857
558 858
557 859
557 861
556 862
555 862
553 860
553 859
552 858
550 858
549 859
549 860
550 860
551 861
551 863
552 863
552 861
553 860
555 862
555 864
556 864
557 865
557 866
556 867
555 867
555 869
556 869
557 870
557 871
559 871
560 872
561 872
564 869
565 869
566 870
566 871
568 871
570 873
571 873
572 872
573 873
573 874
571 876
570 876
569 875
567 875
567 876
566 877
565 876
565 873
564 873
564 875
563 876
562 875
562 874
561 875
562 875
563 876
563 877
562 878
564 880
563 881
559 881
558 880
555 880
554 879
550 879
550 880
548 882
545 882
544 881
544 880
543 881
542 881
541 880
540 881
539 881
538 880
537 880
535 882
534 882
533 881
534 880
533 881
530 881
529 880
527 880
526 879
527 880
525 882
524 881
524 880
523 879
523 878
523 879
521 881
520 880
520 879
519 880
518 879
518 878
519 877
521 877
521 876
520 876
518 874
519 873
519 872
516 872
515 871
515 868
513 868
513 869
512 870
511 869
511 864
509 864
508 863
508 861
509 860
509 859
509 860
508 861
505 861
504 860
504 859
505 858
506 858
506 857
505 857
504 858
503 857
503 856
504 855
504 851
503 850
503 848
501 850
500 850
499 851
498 851
498 852
500 852
501 851
502 851
503 852
503 853
504 854
504 855
503 856
502 856
501 855
501 854
501 855
498 858
495 858
494 857
494 856
495 855
496 856
497 856
498 855
498 854
497 855
495 855
494 854
494 853
493 853
491 855
490 855
489 854
489 853
488 852
488 851
489 850
489 848
488 849
487 849
486 848
486 846
485 845
485 843
486 842
488 842
490 844
492 844
491 843
490 843
489 842
489 840
486 840
485 839
486 838
486 837
487 836
488 836
489 835
489 833
490 832
491 832
491 831
489 831
488 830
484 830
483 829
482 829
481 828
482 827
482 826
481 825
482 824
483 824
483 823
482 823
481 822
480 822
479 823
478 822
477 822
475 824
474 823
474 822
475 821
474 820
476 818
476 817
472 817
471 816
469 816
466 813
465 813
464 814
463 813
463 812
464 811
464 810
463 810
462 811
461 811
460 812
459 812
457 810
457 807
458 806
458 805
457 806
456 806
454 804
454 806
455 807
454 808
453 808
452 807
452 806
451 805
451 804
450 803
451 802
451 801
447 801
446 802
445 801
444 801
444 802
443 803
442 803
441 802
441 800
440 799
439 799
439 800
438 801
436 799
435 799
434 798
434 797
433 797
432 796
432 798
431 799
430 799
429 798
429 794
428 795
428 796
427 797
425 797
423 795
422 796
420 796
419 795
420 794
419 793
417 795
415 795
413 793
413 792
412 791
405 791
404 790
403 790
402 789
401 789
400 790
399 789
399 788
397 788
396 787
395 788
393 788
392 787
391 787
390 786
388 786
388 787
387 788
386 787
385 787
384 786
382 786
381 787
380 786
373 786
372 787
369 787
368 786
368 783
367 783
366 782
366 784
365 785
364 784
364 783
363 783
362 784
361 783
357 783
356 782
354 782
353 781
352 782
351 782
350 781
347 781
345 783

