3708            
4               
12              
0               
1               
20              
17409           
0               
0               
0               
17413           
32              
2               
6               
0               
1               

// Volume Independent Parameters
1               
0               
0               
0               
0               
0               
0               
0               
0               
0               
20              
5               
2000            
5000            
-96             
-80             
-50             
-30             
0               
-86             
-70             
-40             
-25             
-25             
1               
0               
32              
32              
32              
32              
32              
32              
32              
32              
32              
32              
32              
32              
32              
32              
32              
32              
32              
32              
32              
32              
32              
32              
32              
32              
32              
32              
32              
32              
32              
32              
32              
32              
32              
32              
32              
32              
32              
32              
32              
32              
32              
32              
32              
32              
32              
31              
33              
34              
36              
34              
33              
32              
30              
29              
28              
28              
29              
30              
30              
29              
28              
27              
26              
25              
24              
25              
25              
26              
27              
28              
28              
28              
28              
28              
29              
30              
31              
31              
32              
32              
32              
32              
32              
31              
31              
31              
31              
31              
31              
31              
31              
31              
31              
31              
31              
31              
32              
32              
32              
32              
32              
32              
32              
32              
32              
32              
32              
32              
32              
32              
32              
31              
31              
31              
31              
30              
30              
29              
29              
29              
28              
28              
27              
27              
27              
26              
26              
26              
26              
26              
26              
26              
26              
26              
26              
26              
26              
26              
26              
26              
26              
26              
26              
26              
25              
25              
24              
24              
24              
23              
23              
23              
22              
22              
22              
22              
22              
22              
22              
22              
22              
23              
23              
23              
23              
23              
22              
22              
22              
22              
22              
21              
21              
21              
20              
20              
20              
20              
19              
19              
19              
19              
19              
18              
18              
18              
18              
18              
18              
18              
18              
18              
18              
18              
18              
18              
18              
19              
19              
19              
19              
19              
18              
18              
18              
18              
18              
18              
18              
18              
17              
17              
17              
17              
18              
18              
18              
18              
18              
18              
19              
19              
19              
19              
20              
20              
20              
19              
19              
19              
18              
17              
17              
16              
15              
15              
14              
14              
13              
13              
12              
12              
12              
11              
11              
11              
11              
11              
11              
11              
11              
11              
11              
11              
11              
11              
11              
11              
11              
11              
11              
11              
10              
10              
10              
10              
9               
9               
9               
9               
9               
9               
8               
8               
8               
8               
8               
8               
8               
8               
8               
8               
8               
7               
7               
7               
7               
7               
6               
6               
6               
6               
6               
5               
5               
5               
5               
5               
5               
4               
4               
4               
4               
4               
4               
4               
4               
4               
4               
4               
4               
4               
4               
4               
4               
4               
4               
4               
3               
3               
3               
3               
3               
3               
3               
3               
3               
3               
2               
2               
2               
2               
2               
2               
2               
3               
3               
3               
3               
3               
3               
3               
3               
3               
3               
3               
3               
3               
3               
3               
3               
3               
3               
3               
3               
3               
3               
3               
3               
3               
4               
4               
4               
4               
4               
4               
4               
5               
5               
5               
5               
6               
6               
6               
6               
6               
6               
6               
6               
6               
6               
6               
6               
6               
6               
6               
6               
6               
6               
6               
7               
7               
7               
7               
7               
7               
8               
8               
8               
8               
8               
8               
8               
8               
8               
8               
8               
8               
8               
8               
8               
8               
8               
8               
8               
8               
8               
8               
8               
8               
8               
8               
8               
9               
9               
9               
10              
10              
11              
11              
11              
12              
12              
13              
13              
13              
13              
13              
13              
13              
13              
13              
12              
12              
12              
12              
12              
12              
12              
12              
12              
12              
12              
13              
13              
13              
14              
14              
14              
15              
15              
15              
15              
15              
15              
14              
14              
13              
13              
13              
12              
12              
12              
11              
11              
11              
11              
11              
11              
11              
12              
12              
12              
12              
13              
13              
13              
13              
13              
14              
14              
14              
13              
13              
13              
13              
12              
12              
12              
12              
11              
11              
11              
11              
11              
10              
10              
11              
11              
11              
11              
11              
11              
12              
14              
14              
14              
16              
15              
13              
13              
13              
13              
13              
12              
12              
10              
9               
8               
8               
8               
8               
8               
8               
7               
6               
6               
5               
4               
4               
4               
4               
5               
5               
5               
5               
5               
6               
6               
6               
7               
7               
8               
9               
9               
8               
8               
8               
9               
9               
10              
11              
11              
11              
11              
11              
11              
11              
11              
11              
11              
11              
11              
11              
11              
11              
11              
11              
9               
9               
32              
32              
32              
32              
32              
32              
32              
32              
32              
32              
32              
32              
32              
32              
32              
32              
32              
32              
32              
32              
32              
32              
32              
32              
32              
32              
32              
32              
32              
32              
32              
32              
32              
32              
32              
32              
32              
32              
32              
32              
32              
32              
32              
33              
32              
31              
32              
32              
35              
37              
38              
37              
35              
32              
30              
29              
29              
29              
31              
32              
33              
33              
32              
31              
30              
30              
30              
30              
30              
31              
31              
30              
29              
28              
28              
27              
26              
26              
26              
25              
25              
24              
24              
23              
23              
23              
22              
22              
22              
21              
21              
21              
21              
21              
21              
20              
20              
20              
20              
20              
20              
20              
20              
20              
20              
20              
21              
21              
21              
21              
21              
22              
22              
22              
23              
23              
24              
24              
24              
25              
25              
25              
25              
25              
25              
25              
24              
24              
24              
23              
23              
22              
22              
22              
21              
21              
21              
21              
21              
21              
21              
21              
21              
22              
22              
22              
23              
23              
24              
24              
25              
25              
26              
26              
26              
26              
26              
26              
26              
26              
26              
25              
25              
25              
24              
24              
24              
23              
23              
23              
22              
22              
22              
21              
21              
21              
20              
20              
20              
19              
19              
19              
18              
18              
18              
17              
17              
17              
17              
16              
16              
16              
16              
16              
16              
16              
16              
16              
16              
17              
17              
17              
18              
18              
18              
19              
19              
20              
20              
20              
20              
20              
20              
20              
20              
19              
19              
18              
18              
17              
16              
16              
15              
15              
14              
14              
14              
13              
13              
13              
12              
12              
12              
12              
11              
11              
11              
11              
10              
10              
10              
10              
10              
10              
10              
10              
10              
9               
9               
9               
9               
9               
9               
8               
8               
8               
7               
7               
6               
6               
5               
5               
5               
4               
4               
4               
4               
3               
3               
3               
3               
3               
3               
3               
3               
3               
2               
2               
2               
2               
2               
2               
2               
3               
3               
3               
3               
3               
3               
3               
3               
4               
4               
4               
4               
5               
5               
5               
5               
5               
5               
5               
5               
5               
5               
5               
5               
4               
4               
4               
4               
4               
4               
4               
4               
4               
4               
4               
4               
4               
4               
4               
4               
5               
5               
5               
5               
5               
5               
6               
6               
6               
7               
7               
8               
9               
9               
10              
11              
11              
11              
12              
12              
12              
11              
11              
10              
10              
9               
9               
8               
8               
8               
7               
7               
7               
7               
7               
7               
7               
7               
7               
7               
7               
7               
7               
7               
8               
8               
8               
9               
9               
10              
10              
11              
12              
12              
13              
14              
15              
16              
17              
18              
18              
19              
19              
19              
18              
18              
17              
17              
16              
15              
14              
14              
13              
13              
12              
12              
11              
11              
11              
11              
10              
10              
11              
11              
11              
11              
11              
12              
12              
13              
14              
15              
16              
17              
18              
20              
21              
23              
24              
26              
27              
28              
28              
28              
28              
27              
27              
26              
25              
24              
23              
22              
21              
20              
20              
19              
18              
18              
18              
17              
17              
17              
17              
17              
17              
17              
17              
17              
18              
18              
19              
19              
20              
20              
21              
22              
23              
24              
25              
26              
28              
29              
30              
31              
32              
34              
35              
35              
36              
36              
36              
35              
35              
34              
34              
33              
32              
31              
30              
29              
28              
27              
27              
26              
26              
25              
25              
25              
25              
26              
26              
27              
27              
28              
30              
31              
32              
34              
36              
38              
39              
41              
42              
44              
44              
45              
45              
44              
43              
41              
35              
25              
23              
26              
31              
26              
21              
22              
26              
25              
21              
20              
22              
22              
20              
19              
19              
20              
21              
21              
17              
12              
11              
13              
17              
14              
9               
8               
9               
12              
12              
9               
8               
9               
11              
10              
9               
7               
6               
5               
6               
9               
10              
7               
6               
8               
11              
11              
10              
10              
10              
10              
10              
10              
10              
10              
10              
10              
10              
10              
10              
10              
10              
10              
10              
14              
14              
32              
32              
32              
32              
32              
32              
32              
32              
32              
32              
32              
32              
32              
32              
32              
32              
32              
32              
32              
32              
32              
32              
32              
32              
32              
32              
32              
32              
32              
32              
32              
32              
32              
32              
32              
32              
32              
32              
32              
32              
32              
32              
32              
32              
32              
32              
32              
32              
32              
32              
32              
32              
32              
32              
32              
32              
32              
32              
32              
32              
32              
32              
32              
32              
32              
32              
32              
32              
32              
32              
32              
32              
32              
32              
32              
32              
32              
32              
32              
32              
32              
32              
32              
32              
32              
32              
32              
32              
32              
32              
32              
32              
32              
32              
32              
32              
32              
32              
32              
32              
32              
32              
32              
32              
32              
32              
32              
32              
32              
32              
32              
32              
32              
32              
32              
32              
32              
32              
32              
32              
32              
32              
32              
32              
32              
32              
32              
32              
32              
32              
32              
32              
32              
32              
32              
32              
32              
32              
32              
32              
32              
32              
32              
32              
32              
32              
32              
32              
32              
32              
32              
32              
32              
32              
32              
32              
32              
32              
32              
32              
32              
32              
32              
32              
32              
32              
32              
32              
32              
32              
32              
32              
32              
32              
32              
32              
32              
32              
32              
32              
32              
32              
32              
32              
32              
32              
32              
32              
32              
32              
32              
32              
32              
32              
32              
32              
32              
32              
32              
32              
32              
32              
32              
32              
32              
32              
32              
32              
32              
32              
32              
32              
32              
32              
32              
32              
32              
32              
32              
32              
32              
32              
32              
32              
32              
32              
32              
32              
32              
32              
32              
32              
32              
32              
32              
32              
32              
32              
32              
32              
32              
32              
32              
32              
32              
32              
32              
32              
32              
32              
32              
32              
32              
32              
32              
32              
32              
32              
32              
32              
32              
32              
32              
32              
32              
32              
32              
32              
32              
32              
32              
32              
32              
32              
32              
32              
32              
32              
32              
32              
32              
32              
32              
32              
32              
32              
32              
32              
32              
32              
32              
32              
32              
32              
32              
32              
32              
32              
32              
32              
32              
32              
32              
32              
32              
32              
32              
32              
32              
32              
32              
32              
32              
32              
32              
32              
32              
32              
32              
32              
32              
32              
32              
32              
32              
32              
32              
32              
32              
32              
32              
32              
32              
32              
32              
32              
32              
32              
32              
32              
32              
32              
32              
32              
32              
32              
32              
32              
32              
32              
32              
32              
32              
32              
32              
32              
32              
32              
32              
32              
32              
32              
32              
32              
32              
32              
32              
32              
32              
32              
32              
32              
32              
32              
32              
32              
32              
32              
32              
32              
32              
32              
32              
32              
32              
32              
32              
32              
32              
32              
32              
32              
32              
32              
32              
32              
32              
32              
32              
32              
32              
32              
32              
32              
32              
32              
32              
32              
32              
32              
32              
32              
32              
32              
32              
32              
32              
32              
32              
32              
32              
32              
32              
32              
32              
32              
32              
32              
32              
32              
32              
32              
32              
32              
32              
32              
32              
32              
32              
32              
32              
32              
32              
32              
32              
32              
32              
32              
32              
32              
32              
32              
32              
32              
32              
32              
32              
32              
32              
32              
32              
32              
32              
32              
32              
32              
32              
32              
32              
32              
32              
32              
32              
32              
32              
32              
32              
32              
32              
32              
32              
32              
32              
32              
32              
32              
32              
32              
32              
32              
32              
32              
32              
32              
32              
32              
32              
32              
32              
32              
32              
32              
32              
32              
32              
32              
32              
32              
32              
32              
32              
32              
32              
32              
32              
32              
32              
32              
32              
32              
32              
32              
32              
32              
32              
32              
32              
32              
32              
32              
32              
32              
32              
32              
32              
32              
32              
32              
32              
32              
32              
32              
32              
32              
32              
32              
32              
32              
32              
32              
32              
32              
32              
32              
32              
32              
32              
32              
32              
32              
32              
32              
32              
32              
32              
32              
32              
32              
32              
32              
32              
32              
32              
32              
32              
32              
32              
32              
32              
32              
32              
32              
32              
32              
32              
32              
32              
32              
32              
32              
32              
32              
32              
32              
32              
32              
32              
32              
32              
32              
32              
32              
32              
32              
32              
32              
32              
32              
32              
32              
32              
32              
32              
32              
32              
32              
32              
32              
32              
32              
32              
32              
32              
32              
32              
32              
32              
32              
32              
32              
32              
32              
32              
32              
32              
32              
32              
32              
32              
32              
32              
32              
32              
32              
32              
32              
32              
32              
32              
32              
32              
32              
32              
32              
32              
32              
32              
32              
32              
32              
32              
32              
32              
32              
32              
32              
32              
32              
32              
32              
32              
32              
32              
32              
32              
32              
32              
32              
32              
32              
32              
32              
32              
32              
32              
32              
32              
32              
32              
32              
32              
32              
32              
32              
32              
32              
32              
32              
32              
32              
32              
32              
32              
32              
32              
32              
32              
32              
32              
32              
32              
32              
32              
32              
32              
32              
32              
32              
32              
32              
32              
32              
32              
32              
32              
32              
32              
32              
32              
32              
32              
32              
32              
32              
32              
32              
32              
32              
32              
32              
32              
32              
32              
32              
32              
32              
32              
32              
32              
32              
32              
32              
32              
32              
32              
32              
32              
32              
32              
32              
32              
32              
32              
32              
32              
32              
32              
32              
32              
32              
32              
32              
32              
32              
32              
32              
32              
32              
32              
32              
32              
32              
32              
32              
32              
32              
32              
32              
32              
32              
32              
32              
32              
32              
32              
32              
32              
32              
32              
32              
32              
32              
32              
32              
32              
32              
32              
32              
32              
32              
32              
32              
32              
32              
32              
32              
32              
32              
32              
32              
32              
32              
32              
32              
32              
32              
32              
32              
32              
32              
32              
32              
32              
32              
32              
32              
32              
32              
32              
32              
32              
32              
32              
32              
32              
32              
32              
32              
32              
32              
32              
32              
32              
32              
32              
32              
32              
32              
32              
32              
32              
32              
32              
32              
32              
32              
32              
32              
32              
32              
32              
32              
32              
32              
32              
32              
32              
32              
32              
32              
32              
32              
32              
32              
32              
32              
32              
32              
32              
32              
32              
32              
32              
32              
32              
32              
32              
32              
32              
32              
32              
32              
32              
32              
32              
32              
32              
32              
32              
32              
32              
32              
32              
32              
32              
32              
32              
32              
32              
32              
32              
32              
32              
32              
32              
32              
32              
32              
32              
32              
32              
32              
32              
32              
32              
32              
32              
32              
32              
32              
32              
32              
32              
32              
32              
32              
32              
32              
32              
32              
32              
32              
32              
32              
32              
32              
32              
32              
32              
32              
32              
32              
32              
32              
32              
32              
32              
32              
32              
32              
32              
32              
32              
32              
32              
32              
32              
32              
32              
32              
32              
32              
32              
32              
32              
32              
32              
32              
32              
32              
32              
32              
32              
32              
32              
32              
32              
32              
32              
32              
32              
32              
32              
32              
32              
32              
32              
32              
32              
32              
32              
32              
32              
32              
32              
32              
32              
32              
32              
32              
32              
32              
32              
32              
32              
32              
32              
32              
32              
32              
32              
32              
32              
32              
32              
32              
32              
32              
32              
32              
32              
32              
32              
32              
32              
32              
32              
32              
32              
32              
32              
32              
32              
32              
32              
32              
32              
32              
32              
32              
32              
32              
32              
32              
32              
32              
32              
32              
32              
32              
32              
32              
32              
32              
32              
32              
32              
32              
32              
32              
32              
32              
32              
32              
32              
32              
32              
32              
32              
32              
32              
32              
32              
32              
32              
32              
32              
32              
32              
32              
32              
32              
32              
32              
32              
32              
32              
32              
32              
32              
32              
32              
32              
32              
32              
32              
32              
32              
32              
32              
32              
32              
32              
32              
32              
32              
32              
32              
32              
32              
32              
32              
32              
32              
32              
32              
32              
32              
32              
32              
32              
32              
32              
32              
32              
32              
32              
32              
32              
32              
32              
32              
32              
32              
32              
32              
32              
32              
32              
32              
0               
33              
32767           
30              
100             
50              
50              
-6              
-6              
-12             
-12             
0               
1               
200             
0               
0               
0               
32767           
6               
-12             
12              
-91             
-87             
-87             
-87             
-90             
-90             
-93             
-96             
-98             
-100            
-100            
-101            
-102            
-101            
-102            
-102            
-102            
-103            
-104            
-105            
-106            
-106            
-107            
-106            
-106            
-106            
-107            
-107            
-106            
-108            
-108            
-108            
-109            
-108            
-108            
-110            
-109            
-109            
-110            
-110            
-110            
-108            
-109            
-108            
-110            
-111            
-109            
-110            
-111            
-110            
-111            
-111            
-110            
-110            
-111            
-111            
-112            
-110            
-110            
-111            
-111            
-112            
-111            
-111            
-111            
-112            
-112            
-112            
-113            
-111            
-112            
-112            
-111            
-111            
-112            
-113            
-112            
-112            
-113            
-113            
-113            
-112            
-112            
-111            
-111            
-113            
-113            
-114            
-114            
-112            
-112            
-112            
-113            
-114            
-115            
-114            
-114            
-113            
-113            
-113            
-113            
-114            
-113            
-113            
-113            
-114            
-113            
-114            
-114            
-114            
-113            
-112            
-114            
-114            
-113            
-114            
-114            
-115            
-113            
-113            
-114            
-114            
-113            
-114            
-114            
-114            
-113            
-113            
-114            
-114            
-114            
-113            
-114            
-115            
-115            
-115            
-113            
-114            
-114            
-114            
-114            
-113            
-113            
-115            
-115            
-115            
-114            
-115            
-115            
-114            
-115            
-115            
-114            
-115            
-114            
-115            
-115            
-114            
-115            
-116            
-115            
-115            
-114            
-116            
-115            
-116            
-115            
-115            
-116            
-115            
-114            
-114            
-115            
-115            
-114            
-115            
-115            
-115            
-115            
-115            
-115            
-115            
-115            
-115            
-114            
-115            
-115            
-114            
-115            
-115            
-116            
-115            
-115            
-113            
-114            
-115            
-114            
-114            
-114            
-115            
-115            
-115            
-114            
-115            
-114            
-115            
-115            
-116            
-116            
-115            
-116            
-115            
-115            
-115            
-114            
-114            
-114            
-115            
-115            
-116            
-115            
-115            
-114            
-114            
-116            
-114            
-114            
-115            
-115            
-114            
-114            
-114            
-114            
-114            
-115            
-115            
-113            
-113            
-114            
-115            
-116            
-116            
-113            
-115            
-113            
-114            
-114            
-115            
-114            
-115            
-115            
-115            
-114            
-114            
-115            
-115            
-115            
-114            
-114            
-114            
-114            
-113            
-114            
-113            
-113            
-113            
-114            
-113            
-114            
-114            
-114            
-115            
-114            
-114            
-114            
-113            
-112            
-113            
-112            
-114            
-113            
-113            
-113            
-114            
-112            
-113            
-113            
-113            
-113            
-114            
-114            
-113            
-111            
-111            
-111            
-112            
-113            
-111            
-112            
-112            
-111            
-110            
-112            
-112            
-111            
-110            
-111            
-111            
-109            
-110            
-110            
-110            
-110            
-110            
-109            
-108            
-109            
-109            
-109            
-109            
-108            
-108            
-109            
-110            
-109            
-108            
-108            
-109            
-108            
-107            
-108            
-109            
-109            
-109            
-108            
-109            
-107            
-108            
-109            
-107            
-107            
-109            
-110            
-109            
-109            
-108            
-109            
-111            
-111            
-110            
-109            
-110            
-110            
-110            
-111            
-112            
-112            
-110            
-110            
-110            
-110            
-111            
-112            
-111            
-111            
-112            
-112            
-111            
-111            
-113            
-112            
-112            
-113            
-113            
-114            
-113            
-114            
-113            
-111            
-111            
-113            
-114            
-113            
-114            
-113            
-113            
-114            
-113            
-114            
-115            
-115            
-114            
-114            
-113            
-115            
-114            
-114            
-114            
-114            
-114            
-114            
-113            
-114            
-115            
-116            
-115            
-116            
-115            
-114            
-115            
-115            
-115            
-114            
-114            
-115            
-114            
-114            
-116            
-115            
-111            
-113            
-113            
-114            
-115            
-114            
-115            
-115            
-116            
-116            
-116            
-114            
-115            
-115            
-116            
-115            
-114            
-115            
-115            
-114            
-116            
-115            
-115            
-114            
-114            
-115            
-115            
-115            
-116            
-114            
-116            
-116            
-115            
-115            
-115            
-114            
-116            
-116            
-116            
-116            
-115            
-115            
-114            
-114            
-116            
-115            
-114            
-116            
-115            
-115            
-117            
-116            
-115            
-115            
-117            
-115            
-114            
-115            
-115            
-115            
-114            
-115            
-115            
-116            
-115            
-115            
-114            
-114            
-115            
-116            
-116            
-115            
-115            
-115            
-115            
-116            
-117            
-115            
-115            
-114            
-117            
-116            
-116            
-115            
-116            
-116            
-114            
-116            
-116            
-117            
-118            
-118            
-98             
-100            
-90             
-86             
-86             
-88             
-90             
-93             
-94             
-96             
-97             
-100            
-100            
-101            
-102            
-103            
-103            
-104            
-104            
-104            
-105            
-106            
-106            
-106            
-106            
-107            
-106            
-106            
-106            
-106            
-107            
-108            
-108            
-107            
-107            
-108            
-109            
-109            
-109            
-110            
-110            
-110            
-109            
-109            
-110            
-109            
-110            
-111            
-111            
-111            
-110            
-110            
-110            
-111            
-111            
-111            
-111            
-111            
-110            
-110            
-112            
-111            
-110            
-110            
-110            
-111            
-112            
-112            
-112            
-113            
-112            
-113            
-112            
-112            
-112            
-112            
-113            
-113            
-113            
-112            
-112            
-113            
-113            
-113            
-114            
-113            
-115            
-112            
-112            
-114            
-114            
-112            
-113            
-113            
-112            
-112            
-112            
-112            
-113            
-112            
-113            
-114            
-114            
-113            
-114            
-114            
-113            
-112            
-114            
-113            
-114            
-113            
-114            
-114            
-115            
-113            
-114            
-115            
-114            
-113            
-114            
-115            
-115            
-115            
-114            
-115            
-115            
-114            
-113            
-114            
-115            
-113            
-114            
-114            
-113            
-113            
-114            
-114            
-114            
-114            
-115            
-115            
-115            
-116            
-115            
-115            
-114            
-114            
-113            
-112            
-113            
-114            
-115            
-114            
-116            
-114            
-114            
-113            
-115            
-114            
-115            
-113            
-114            
-115            
-115            
-115            
-114            
-114            
-114            
-115            
-114            
-114            
-115            
-115            
-114            
-114            
-115            
-115            
-115            
-115            
-114            
-115            
-115            
-114            
-114            
-114            
-114            
-114            
-113            
-115            
-115            
-115            
-113            
-115            
-116            
-114            
-113            
-114            
-115            
-115            
-112            
-113            
-114            
-113            
-115            
-115            
-114            
-114            
-115            
-114            
-113            
-115            
-115            
-113            
-114            
-115            
-114            
-114            
-114            
-115            
-115            
-115            
-114            
-113            
-114            
-113            
-113            
-114            
-114            
-114            
-114            
-114            
-114            
-114            
-115            
-114            
-112            
-113            
-112            
-113            
-113            
-114            
-115            
-112            
-112            
-112            
-113            
-113            
-113            
-113            
-114            
-112            
-113            
-114            
-113            
-113            
-112            
-112            
-111            
-112            
-112            
-111            
-112            
-112            
-111            
-112            
-112            
-111            
-110            
-109            
-109            
-109            
-110            
-111            
-109            
-109            
-109            
-109            
-108            
-107            
-107            
-107            
-107            
-108            
-108            
-109            
-108            
-109            
-108            
-108            
-108            
-109            
-109            
-110            
-110            
-111            
-110            
-110            
-110            
-110            
-110            
-111            
-111            
-110            
-112            
-112            
-111            
-111            
-111            
-112            
-112            
-112            
-113            
-112            
-114            
-113            
-112            
-113            
-113            
-112            
-113            
-112            
-113            
-112            
-112            
-114            
-113            
-113            
-113            
-115            
-115            
-113            
-114            
-114            
-114            
-115            
-114            
-115            
-115            
-115            
-115            
-116            
-116            
-116            
-115            
-114            
-114            
-115            
-115            
-115            
-115            
-115            
-114            
-114            
-115            
-115            
-117            
-116            
-117            
-116            
-116            
-116            
-117            
-116            
-114            
-115            
-116            
-114            
-115            
-116            
-116            
-116            
-116            
-116            
-118            
-117            
-115            
-116            
-115            
-116            
-117            
-116            
-116            
-116            
-116            
-115            
-115            
-115            
-116            
-116            
-116            
-115            
-115            
-116            
-117            
-116            
-116            
-116            
-116            
-115            
-116            
-115            
-116            
-115            
-115            
-115            
-116            
-116            
-116            
-116            
-117            
-116            
-116            
-115            
-116            
-115            
-116            
-115            
-116            
-117            
-115            
-116            
-115            
-116            
-115            
-116            
-115            
-116            
-117            
-116            
-116            
-115            
-117            
-117            
-117            
-117            
-117            
-118            
-116            
-115            
-115            
-115            
-116            
-116            
-116            
-116            
-117            
-116            
-116            
-116            
-116            
-116            
-116            
-116            
-116            
-116            
-117            
-116            
-116            
-116            
-116            
-115            
-116            
-116            
-116            
-116            
-115            
-116            
-116            
-117            
-116            
-117            
-117            
-115            
-115            
-115            
-115            
-115            
-115            
-116            
-116            
-117            
-116            
-116            
-117            
-117            
-117            
-114            
-115            
-116            
-116            
-115            
-116            
-115            
-116            
-115            
-116            
-116            
-116            
-117            
-116            
-115            
-115            
-117            
-115            
-115            
-116            
-115            
-115            
-116            
-117            
-118            
-118            
-98             
-100            
0               
0               
6               
0               
-15             
1               
0               
-12             
2344            
4687            
0               
-15             
-3              
-20             
1               
9830            
1638            
655             
0               
-20             
0               
-20             
300             
300             
0               
0               
0               
0               
32767           
0               
4               
10976           
0               
-96             
28642           
0               
0               
-13             
27000           
27000           
27000           
27000           
16384           
-12             
-18             
96              
440             
6826            
6826            
6826            
6826            
6826            
0               
1               
20              
-3              
-15             
-15             
1               
0               
-6              
-6              
1000            
1000            
3               
3               
0               
0               
300             
0               
100             
1               
0               
20              
1               
50              
5               
0               
150             
30              
0               
500             
100             
51              
7000            
400             
0               
8000            
300             
0               
9500            
300             
-5632           
15500           
200             
0               
300             
200             
0               
1000            
100             
0               
20              
96              
0               
20              
96              
2               
0               
200             
100             
-16             
2000            
100             
-16             
1               
1               
20              
5               
0               
20              
0               
0               
2000            
5000            
-96             
-80             
-50             
-30             
0               
-96             
-80             
-50             
-30             
0               
0               
0               
700             
2               
1               
20              
0               
0               
10000           
10000           
-96             
0               
0               
0               
0               
-96             
0               
0               
0               
0               
1               
0               
20              
2               
1               
20              
0               
0               
10000           
10000           
-96             
0               
0               
0               
0               
-96             
0               
0               
0               
0               
1               
0               
20              
2               
1               
20              
0               
0               
10000           
10000           
-96             
0               
0               
0               
0               
-96             
0               
0               
0               
0               
1               
0               
20              
2               
1               
20              
0               
0               
10000           
10000           
-96             
0               
0               
0               
0               
-96             
0               
0               
0               
0               
1               
0               
1               
20              
5               
0               
20              
0               
0               
2000            
5000            
-96             
-80             
-50             
-30             
0               
-86             
-70             
-40             
-25             
-25             
1               
0               
1               
-1              
20              
0               
0               
90              
75              
100             
10              
10              
0               
0               
-20             
-20             
-96             
-20             
-6              
1               
50              
0               
10              
0               
0               
0               
0               
65              
26              
22              
0               
162             
0               
129             
0               
4               
4               
10              
0               
0               
1               
2               
1               
0               
0               
0               
0               
0               
-31             
0               
15              
96              
88              
6826            
6826            
6826            
6826            
6826            
6826            
6826            
6826            
6826            
6826            

// Volume 0
